["C5-",1,[2,3,4,-1,-1,-1]],
["C5-",2,[2,3,4,5,-1,-1]],
["C5-",3,[8,9,10,-1,-1,-1]],
["C5-",4,[8,9,10,11,-1,-1]],
["C5-",5,[14,15,16,-1,-1,-1]],
["C5-",6,[14,15,16,17,-1,-1]],
["C5",1,[3,3,5,-1,-1,-1]],
["C5",2,[3,3,5,5,-1,-1]],
["C5",3,[8,10,10,-1,-1,-1]],
["C5",4,[8,10,10,12,-1,-1]],
["C5",5,[15,15,17,-1,-1,-1]],
["C5",6,[15,15,17,17,-1,-1]],
["C#5-",1,[3,4,5,-1,-1,-1]],
["C#5-",2,[3,4,5,6,-1,-1]],
["C#5-",3,[9,10,11,-1,-1,-1]],
["C#5-",4,[9,10,11,12,-1,-1]],
["C#5-",5,[15,16,17,-1,-1,-1]],
["C#5-",6,[15,16,17,18,-1,-1]],
["C#5",1,[4,4,6,-1,-1,-1]],
["C#5",2,[4,4,6,6,-1,-1]],
["C#5",3,[9,11,11,-1,-1,-1]],
["C#5",4,[9,11,11,13,-1,-1]],
["C#5",5,[16,16,18,-1,-1,-1]],
["C#5",6,[16,16,18,18,-1,-1]],
["D5-",1,[4,5,6,-1,-1,-1]],
["D5-",2,[4,5,6,7,-1,-1]],
["D5-",3,[10,11,12,-1,-1,-1]],
["D5-",4,[10,11,12,13,-1,-1]],
["D5-",5,[16,17,18,-1,-1,-1]],
["D5",1,[5,5,7,-1,-1,-1]],
["D5",2,[5,5,7,7,-1,-1]],
["D5",3,[10,12,12,-1,-1,-1]],
["D5",4,[10,12,12,14,-1,-1]],
["D#5-",1,[5,6,7,-1,-1,-1]],
["D#5-",2,[5,6,7,8,-1,-1]],
["D#5-",3,[11,12,13,-1,-1,-1]],
["D#5-",4,[11,12,13,14,-1,-1]],
["D#5",1,[6,6,8,-1,-1,-1]],
["D#5",2,[6,6,8,8,-1,-1]],
["D#5",3,[11,13,13,-1,-1,-1]],
["D#5",4,[11,13,13,15,-1,-1]],
["E5-",1,[0,1,2,-1,-1,-1]],
["E5-",2,[0,1,2,3,-1,-1]],
["E5-",3,[6,7,8,-1,-1,-1]],
["E5-",4,[6,7,8,9,-1,-1]],
["E5-",5,[12,13,14,-1,-1,-1]],
["E5-",6,[12,13,14,15,-1,-1]],
["E5",1,[0,2,2,-1,-1,-1]],
["E5",2,[0,2,2,4,-1,-1]],
["E5",3,[7,7,9,-1,-1,-1]],
["E5",4,[7,7,9,9,-1,-1]],
["E5",5,[12,14,14,-1,-1,-1]],
["E5",6,[12,14,14,16,-1,-1]],
["F5-",1,[1,2,3,-1,-1,-1]],
["F5-",2,[1,2,3,4,-1,-1]],
["F5-",3,[7,8,9,-1,-1,-1]],
["F5-",4,[7,8,9,10,-1,-1]],
["F5-",5,[13,14,15,-1,-1,-1]],
["F5-",6,[13,14,15,16,-1,-1]],
["F5",1,[1,3,3,-1,-1,-1]],
["F5",2,[8,8,10,-1,-1,-1]],
["F5",3,[8,8,10,10,-1,-1]],
["F5",4,[13,15,15,-1,-1,-1]],
["F5",5,[13,15,15,17,-1,-1]],
["F#5-",1,[2,3,4,-1,-1,-1]],
["F#5-",2,[2,3,4,5,-1,-1]],
["F#5-",3,[8,9,10,-1,-1,-1]],
["F#5-",4,[8,9,10,11,-1,-1]],
["F#5-",5,[14,15,16,-1,-1,-1]],
["F#5-",6,[14,15,16,17,-1,-1]],
["F#5",1,[2,4,4,-1,-1,-1]],
["F#5",2,[9,9,11,-1,-1,-1]],
["F#5",3,[9,9,11,11,-1,-1]],
["F#5",4,[14,16,16,-1,-1,-1]],
["F#5",5,[14,16,16,18,-1,-1]],
["G5-",1,[3,4,5,-1,-1,-1]],
["G5-",2,[3,4,5,6,-1,-1]],
["G5-",3,[9,10,11,-1,-1,-1]],
["G5-",4,[9,10,11,12,-1,-1]],
["G5-",5,[15,16,17,-1,-1,-1]],
["G5-",6,[15,16,17,18,-1,-1]],
["G5",1,[3,5,5,-1,-1,-1]],
["G5",2,[10,10,12,-1,-1,-1]],
["G5",3,[10,10,12,12,-1,-1]],
["G5",4,[15,17,17,-1,-1,-1]],
["G#5-",1,[4,5,6,-1,-1,-1]],
["G#5-",2,[4,5,6,7,-1,-1]],
["G#5-",3,[10,11,12,-1,-1,-1]],
["G#5-",4,[10,11,12,13,-1,-1]],
["G#5-",5,[16,17,18,-1,-1,-1]],
["G#5",1,[4,6,6,-1,-1,-1]],
["G#5",2,[11,11,13,-1,-1,-1]],
["G#5",3,[11,11,13,13,-1,-1]],
["G#5",4,[16,18,18,-1,-1,-1]],
["A5-",1,[5,6,7,-1,-1,-1]],
["A5-",2,[5,6,7,8,-1,-1]],
["A5-",3,[11,12,13,-1,-1,-1]],
["A5-",4,[11,12,13,14,-1,-1]],
["A5",1,[0,0,2,-1,-1,-1]],
["A5",2,[0,0,2,2,-1,-1]],
["A5",3,[5,7,7,-1,-1,-1]],
["A5",4,[12,12,14,-1,-1,-1]],
["A5",5,[12,12,14,14,-1,-1]],
["A#5-",1,[0,1,2,-1,-1,-1]],
["A#5-",2,[0,1,2,3,-1,-1]],
["A#5-",3,[6,7,8,-1,-1,-1]],
["A#5-",4,[6,7,8,9,-1,-1]],
["A#5-",5,[12,13,14,-1,-1,-1]],
["A#5-",6,[12,13,14,15,-1,-1]],
["A#5",1,[1,1,3,-1,-1,-1]],
["A#5",2,[1,1,3,3,-1,-1]],
["A#5",3,[6,8,8,-1,-1,-1]],
["A#5",4,[6,8,8,10,-1,-1]],
["A#5",5,[13,13,15,-1,-1,-1]],
["A#5",6,[13,13,15,15,-1,-1]],
["B5-",1,[1,2,3,-1,-1,-1]],
["B5-",2,[1,2,3,4,-1,-1]],
["B5-",3,[7,8,9,-1,-1,-1]],
["B5-",4,[7,8,9,10,-1,-1]],
["B5-",5,[13,14,15,-1,-1,-1]],
["B5-",6,[13,14,15,16,-1,-1]],
["B5",1,[2,2,4,-1,-1,-1]],
["B5",2,[2,2,4,4,-1,-1]],
["B5",3,[7,9,9,-1,-1,-1]],
["B5",4,[7,9,9,11,-1,-1]],
["B5",5,[14,14,16,-1,-1,-1]],
["B5",6,[14,14,16,16,-1,-1]],
