["Csus2",1,[3,3,0,-1,-1,-1]],
["Csus2",2,[3,3,0,0,-1,-1]],
["Csus2",3,[3,5,5,5,-1,-1]],
["Csus2",4,[8,5,5,-1,-1,-1]],
["Csus2",5,[8,5,5,5,-1,-1]],
["Csus2",6,[8,5,5,7,-1,-1]],
["Csus2",7,[8,10,10,7,-1,-1]],
["Csus2",8,[10,10,10,7,-1,-1]],
["Csus2",9,[8,10,12,-1,-1,-1]],
["Csus2",10,[8,10,12,12,-1,-1]],
["Csus2",11,[10,10,10,-1,-1,-1]],
["Csus2",12,[10,10,10,12,-1,-1]],
["Csus2",13,[15,15,12,-1,-1,-1]],
["Csus2",14,[15,15,12,12,-1,-1]],
["Csus2",15,[15,17,17,17,-1,-1]],
["Cm",1,[3,3,1,-1,-1,-1]],
["Cm",2,[3,3,1,0,-1,-1]],
["Cm",3,[3,6,5,5,-1,-1]],
["Cm",4,[8,6,5,-1,-1,-1]],
["Cm",5,[8,6,5,5,-1,-1]],
["Cm",6,[8,6,5,8,-1,-1]],
["Cm",7,[8,10,10,8,-1,-1]],
["Cm",8,[11,10,10,8,-1,-1]],
["Cm",9,[11,10,10,-1,-1,-1]],
["Cm",10,[11,10,10,12,-1,-1]],
["Cm",11,[11,15,13,12,-1,-1]],
["Cm",12,[15,15,13,12,-1,-1]],
["Cm",13,[15,15,13,-1,-1,-1]],
["Cm",14,[15,15,13,17,-1,-1]],
["Cm",15,[15,18,17,17,-1,-1]],
["Cm",1,[8,6,10,-1,-1,-1]],
["Cm",2,[8,6,10,8,-1,-1]],
["Cm",3,[11,15,13,-1,-1,-1]],
["CM",1,[3,3,2,-1,-1,-1]],
["CM",2,[0,3,2,0,-1,-1]],
["CM",3,[3,3,2,0,-1,-1]],
["CM",4,[3,3,2,5,-1,-1]],
["CM",5,[8,7,5,-1,-1,-1]],
["CM",6,[8,7,5,5,-1,-1]],
["CM",7,[8,10,10,9,-1,-1]],
["CM",8,[12,10,10,9,-1,-1]],
["CM",9,[12,10,10,-1,-1,-1]],
["CM",10,[12,10,10,12,-1,-1]],
["CM",11,[12,15,14,12,-1,-1]],
["CM",12,[15,15,14,12,-1,-1]],
["CM",13,[15,15,14,-1,-1,-1]],
["CM",14,[15,15,14,17,-1,-1]],
["CM",1,[0,3,2,-1,-1,-1]],
["CM",2,[8,7,10,-1,-1,-1]],
["CM",3,[8,7,10,9,-1,-1]],
["CM",4,[12,15,14,-1,-1,-1]],
["Csus4",1,[1,3,3,0,-1,-1]],
["Csus4",2,[3,3,3,-1,-1,-1]],
["Csus4",3,[3,3,3,0,-1,-1]],
["Csus4",4,[3,3,3,5,-1,-1]],
["Csus4",5,[8,8,5,-1,-1,-1]],
["Csus4",6,[8,8,5,5,-1,-1]],
["Csus4",7,[8,10,10,10,-1,-1]],
["Csus4",8,[8,8,10,12,-1,-1]],
["Csus4",9,[13,10,10,-1,-1,-1]],
["Csus4",10,[13,10,10,10,-1,-1]],
["Csus4",11,[13,10,10,12,-1,-1]],
["Csus4",12,[13,15,15,12,-1,-1]],
["Csus4",13,[15,15,15,12,-1,-1]],
["Csus4",14,[13,15,17,-1,-1,-1]],
["Csus4",15,[13,15,17,17,-1,-1]],
["Csus4",16,[15,15,15,-1,-1,-1]],
["Csus4",17,[15,15,15,17,-1,-1]],
["Cdim",1,[2,3,1,-1,-1,-1]],
["Cdim",2,[8,9,10,8,-1,-1]],
["Cdim",3,[11,9,10,8,-1,-1]],
["Cdim",4,[11,9,10,-1,-1,-1]],
["Cdim",5,[11,9,10,11,-1,-1]],
["Cdim",6,[11,15,13,11,-1,-1]],
["Cdim",7,[14,15,13,11,-1,-1]],
["Cdim",8,[14,15,13,-1,-1,-1]],
["Cdim",9,[14,15,13,17,-1,-1]],
["Cdim",10,[14,18,16,17,-1,-1]],
["Caug",1,[0,3,2,1,-1,-1]],
["Caug",2,[4,3,2,1,-1,-1]],
["Caug",3,[4,3,2,-1,-1,-1]],
["Caug",4,[4,3,2,5,-1,-1]],
["Caug",5,[4,7,6,5,-1,-1]],
["Caug",6,[8,7,6,5,-1,-1]],
["Caug",7,[8,7,6,-1,-1,-1]],
["Caug",8,[8,7,6,9,-1,-1]],
["Caug",9,[8,11,10,9,-1,-1]],
["Caug",10,[12,11,10,9,-1,-1]],
["Caug",11,[12,11,10,-1,-1,-1]],
["Caug",12,[12,11,10,13,-1,-1]],
["Caug",13,[12,15,14,13,-1,-1]],
["Caug",14,[16,15,14,13,-1,-1]],
["Caug",15,[16,15,14,-1,-1,-1]],
["Caug",16,[16,15,14,17,-1,-1]],
["Cm6",1,[3,3,1,2,-1,-1]],
["Cm6",2,[5,6,5,5,-1,-1]],
["Cm6",3,[8,10,7,8,-1,-1]],
["Cm6",4,[11,12,10,12,-1,-1]],
["Cm6",5,[11,10,10,14,-1,-1]],
["Cm6",6,[15,15,13,14,-1,-1]],
["Cm6",7,[17,18,17,17,-1,-1]],
["C6",1,[3,3,2,2,-1,-1]],
["C6",2,[5,7,5,5,-1,-1]],
["C6",3,[8,10,7,9,-1,-1]],
["C6",4,[12,12,10,12,-1,-1]],
["C6",5,[12,10,10,14,-1,-1]],
["C6",6,[15,15,14,14,-1,-1]],
["C7",1,[3,3,2,3,-1,-1]],
["C7",2,[6,7,5,5,-1,-1]],
["C7",3,[6,10,10,9,-1,-1]],
["C7",4,[8,10,8,9,-1,-1]],
["C7",5,[12,13,10,12,-1,-1]],
["C7",6,[15,13,14,17,-1,-1]],
["C7",7,[15,15,14,15,-1,-1]],
["CM7",1,[3,3,2,4,-1,-1]],
["CM7",2,[3,2,2,5,-1,-1]],
["CM7",3,[7,7,5,5,-1,-1]],
["CM7",4,[7,10,10,9,-1,-1]],
["CM7",5,[8,10,9,9,-1,-1]],
["CM7",6,[12,14,10,12,-1,-1]],
["CM7",7,[15,15,14,16,-1,-1]],
["CM7",8,[15,14,14,17,-1,-1]],
["Cm7",1,[3,3,1,3,-1,-1]],
["Cm7",2,[6,6,5,5,-1,-1]],
["Cm7",3,[6,10,10,8,-1,-1]],
["Cm7",4,[8,10,8,8,-1,-1]],
["Cm7",5,[11,13,10,12,-1,-1]],
["Cm7",6,[15,15,13,15,-1,-1]],
["Cm7",7,[15,13,13,17,-1,-1]],
["Cm7",8,[18,18,17,17,-1,-1]],
["C#sus2",1,[4,4,1,-1,-1,-1]],
["C#sus2",2,[4,4,1,1,-1,-1]],
["C#sus2",3,[4,6,6,6,-1,-1]],
["C#sus2",4,[9,6,6,-1,-1,-1]],
["C#sus2",5,[9,6,6,6,-1,-1]],
["C#sus2",6,[9,6,6,8,-1,-1]],
["C#sus2",7,[9,11,11,8,-1,-1]],
["C#sus2",8,[11,11,11,8,-1,-1]],
["C#sus2",9,[9,11,13,-1,-1,-1]],
["C#sus2",10,[9,11,13,13,-1,-1]],
["C#sus2",11,[11,11,11,-1,-1,-1]],
["C#sus2",12,[11,11,11,13,-1,-1]],
["C#sus2",13,[16,16,13,-1,-1,-1]],
["C#sus2",14,[16,16,13,13,-1,-1]],
["C#sus2",15,[16,18,18,18,-1,-1]],
["C#m",1,[0,4,2,1,-1,-1]],
["C#m",2,[4,4,2,1,-1,-1]],
["C#m",3,[4,4,2,-1,-1,-1]],
["C#m",4,[4,7,6,6,-1,-1]],
["C#m",5,[9,7,6,-1,-1,-1]],
["C#m",6,[9,7,6,6,-1,-1]],
["C#m",7,[9,7,6,9,-1,-1]],
["C#m",8,[9,11,11,9,-1,-1]],
["C#m",9,[12,11,11,9,-1,-1]],
["C#m",10,[12,11,11,-1,-1,-1]],
["C#m",11,[12,11,11,13,-1,-1]],
["C#m",12,[12,16,14,13,-1,-1]],
["C#m",13,[16,16,14,13,-1,-1]],
["C#m",14,[16,16,14,-1,-1,-1]],
["C#m",15,[16,16,14,18,-1,-1]],
["C#m",1,[0,4,2,-1,-1,-1]],
["C#m",2,[9,7,11,-1,-1,-1]],
["C#m",3,[9,7,11,9,-1,-1]],
["C#m",4,[12,16,14,-1,-1,-1]],
["C#M",1,[1,4,3,1,-1,-1]],
["C#M",2,[4,4,3,1,-1,-1]],
["C#M",3,[4,4,3,-1,-1,-1]],
["C#M",4,[4,4,3,6,-1,-1]],
["C#M",5,[9,8,6,-1,-1,-1]],
["C#M",6,[9,8,6,6,-1,-1]],
["C#M",7,[9,8,6,10,-1,-1]],
["C#M",8,[9,11,11,10,-1,-1]],
["C#M",9,[13,11,11,10,-1,-1]],
["C#M",10,[13,11,11,-1,-1,-1]],
["C#M",11,[13,11,11,13,-1,-1]],
["C#M",12,[13,16,15,13,-1,-1]],
["C#M",13,[16,16,15,13,-1,-1]],
["C#M",14,[16,16,15,-1,-1,-1]],
["C#M",15,[16,16,15,18,-1,-1]],
["C#M",1,[1,4,3,-1,-1,-1]],
["C#M",2,[9,8,11,-1,-1,-1]],
["C#M",3,[9,8,11,10,-1,-1]],
["C#M",4,[13,16,15,-1,-1,-1]],
["C#sus4",1,[2,4,4,1,-1,-1]],
["C#sus4",2,[4,4,4,1,-1,-1]],
["C#sus4",3,[4,4,4,-1,-1,-1]],
["C#sus4",4,[4,4,4,6,-1,-1]],
["C#sus4",5,[9,9,6,-1,-1,-1]],
["C#sus4",6,[9,9,6,6,-1,-1]],
["C#sus4",7,[9,11,11,11,-1,-1]],
["C#sus4",8,[9,9,11,13,-1,-1]],
["C#sus4",9,[14,11,11,-1,-1,-1]],
["C#sus4",10,[14,11,11,11,-1,-1]],
["C#sus4",11,[14,11,11,13,-1,-1]],
["C#sus4",12,[14,16,16,13,-1,-1]],
["C#sus4",13,[16,16,16,13,-1,-1]],
["C#sus4",14,[14,16,18,-1,-1,-1]],
["C#sus4",15,[14,16,18,18,-1,-1]],
["C#sus4",16,[16,16,16,-1,-1,-1]],
["C#sus4",17,[16,16,16,18,-1,-1]],
["C#dim",1,[3,4,2,-1,-1,-1]],
["C#dim",2,[3,4,2,0,-1,-1]],
["C#dim",3,[0,4,2,0,-1,-1]],
["C#dim",4,[9,10,11,9,-1,-1]],
["C#dim",5,[12,10,11,9,-1,-1]],
["C#dim",6,[12,10,11,-1,-1,-1]],
["C#dim",7,[12,10,11,12,-1,-1]],
["C#dim",8,[12,16,14,12,-1,-1]],
["C#dim",9,[15,16,14,12,-1,-1]],
["C#dim",10,[15,16,14,-1,-1,-1]],
["C#dim",11,[15,16,14,18,-1,-1]],
["C#aug",1,[1,4,3,2,-1,-1]],
["C#aug",2,[5,4,3,2,-1,-1]],
["C#aug",3,[5,4,3,-1,-1,-1]],
["C#aug",4,[5,4,3,6,-1,-1]],
["C#aug",5,[5,8,7,6,-1,-1]],
["C#aug",6,[9,8,7,6,-1,-1]],
["C#aug",7,[9,8,7,-1,-1,-1]],
["C#aug",8,[9,8,7,10,-1,-1]],
["C#aug",9,[9,12,11,10,-1,-1]],
["C#aug",10,[13,12,11,10,-1,-1]],
["C#aug",11,[13,12,11,-1,-1,-1]],
["C#aug",12,[13,12,11,14,-1,-1]],
["C#aug",13,[13,16,15,14,-1,-1]],
["C#aug",14,[17,16,15,14,-1,-1]],
["C#aug",15,[17,16,15,-1,-1,-1]],
["C#aug",16,[17,16,15,18,-1,-1]],
["C#m6",1,[4,4,2,3,-1,-1]],
["C#m6",2,[6,7,6,6,-1,-1]],
["C#m6",3,[9,11,8,9,-1,-1]],
["C#m6",4,[12,13,11,13,-1,-1]],
["C#m6",5,[12,11,11,15,-1,-1]],
["C#m6",6,[16,16,14,15,-1,-1]],
["C#6",1,[4,4,3,3,-1,-1]],
["C#6",2,[6,8,6,6,-1,-1]],
["C#6",3,[9,11,8,10,-1,-1]],
["C#6",4,[13,13,11,13,-1,-1]],
["C#6",5,[13,11,11,15,-1,-1]],
["C#6",6,[16,16,15,15,-1,-1]],
["C#7",1,[4,4,3,4,-1,-1]],
["C#7",2,[7,8,6,6,-1,-1]],
["C#7",3,[7,11,11,10,-1,-1]],
["C#7",4,[9,11,9,10,-1,-1]],
["C#7",5,[13,14,11,13,-1,-1]],
["C#7",6,[16,14,15,18,-1,-1]],
["C#7",7,[16,16,15,16,-1,-1]],
["C#M7",1,[4,3,3,6,-1,-1]],
["C#M7",2,[4,4,3,5,-1,-1]],
["C#M7",3,[8,8,6,6,-1,-1]],
["C#M7",4,[8,11,11,10,-1,-1]],
["C#M7",5,[9,11,10,10,-1,-1]],
["C#M7",6,[13,15,11,13,-1,-1]],
["C#M7",7,[16,15,15,18,-1,-1]],
["C#M7",8,[16,16,15,17,-1,-1]],
["C#m7",1,[4,4,2,4,-1,-1]],
["C#m7",2,[7,7,6,6,-1,-1]],
["C#m7",3,[7,11,11,9,-1,-1]],
["C#m7",4,[9,11,9,9,-1,-1]],
["C#m7",5,[12,14,11,13,-1,-1]],
["C#m7",6,[16,16,14,16,-1,-1]],
["C#m7",7,[16,14,14,18,-1,-1]],
["Dsus2",1,[0,0,0,-1,-1,-1]],
["Dsus2",2,[5,5,2,-1,-1,-1]],
["Dsus2",3,[0,0,0,2,-1,-1]],
["Dsus2",4,[5,5,2,2,-1,-1]],
["Dsus2",5,[5,7,7,7,-1,-1]],
["Dsus2",6,[10,7,7,-1,-1,-1]],
["Dsus2",7,[10,7,7,7,-1,-1]],
["Dsus2",8,[10,7,7,9,-1,-1]],
["Dsus2",9,[10,12,12,9,-1,-1]],
["Dsus2",10,[12,12,12,9,-1,-1]],
["Dsus2",11,[10,12,14,-1,-1,-1]],
["Dsus2",12,[10,12,14,14,-1,-1]],
["Dsus2",13,[12,12,12,-1,-1,-1]],
["Dsus2",14,[12,12,12,14,-1,-1]],
["Dsus2",15,[17,17,14,-1,-1,-1]],
["Dsus2",16,[17,17,14,14,-1,-1]],
["Dm",1,[1,0,0,-1,-1,-1]],
["Dm",2,[1,0,0,2,-1,-1]],
["Dm",3,[5,5,3,2,-1,-1]],
["Dm",4,[5,5,3,-1,-1,-1]],
["Dm",5,[5,8,7,7,-1,-1]],
["Dm",6,[10,8,7,-1,-1,-1]],
["Dm",7,[10,8,7,7,-1,-1]],
["Dm",8,[10,8,7,10,-1,-1]],
["Dm",9,[10,12,12,10,-1,-1]],
["Dm",10,[13,12,12,10,-1,-1]],
["Dm",11,[13,12,12,-1,-1,-1]],
["Dm",12,[13,12,12,14,-1,-1]],
["Dm",13,[13,17,15,14,-1,-1]],
["Dm",14,[17,17,15,14,-1,-1]],
["Dm",15,[17,17,15,-1,-1,-1]],
["Dm",1,[10,8,12,-1,-1,-1]],
["Dm",2,[10,8,12,10,-1,-1]],
["Dm",3,[13,17,15,-1,-1,-1]],
["DM",1,[2,0,0,-1,-1,-1]],
["DM",2,[2,0,0,2,-1,-1]],
["DM",3,[2,5,4,2,-1,-1]],
["DM",4,[5,5,4,2,-1,-1]],
["DM",5,[5,5,4,-1,-1,-1]],
["DM",6,[5,5,4,7,-1,-1]],
["DM",7,[10,9,7,-1,-1,-1]],
["DM",8,[10,9,7,7,-1,-1]],
["DM",9,[10,9,7,11,-1,-1]],
["DM",10,[10,12,12,11,-1,-1]],
["DM",11,[14,12,12,11,-1,-1]],
["DM",12,[14,12,12,-1,-1,-1]],
["DM",13,[14,12,12,14,-1,-1]],
["DM",14,[14,17,16,14,-1,-1]],
["DM",15,[17,17,16,14,-1,-1]],
["DM",16,[17,17,16,-1,-1,-1]],
["DM",1,[2,5,4,-1,-1,-1]],
["DM",2,[10,9,12,-1,-1,-1]],
["DM",3,[10,9,12,11,-1,-1]],
["DM",4,[14,17,16,-1,-1,-1]],
["Dsus4",1,[3,0,0,2,-1,-1]],
["Dsus4",2,[3,5,5,2,-1,-1]],
["Dsus4",3,[5,5,5,2,-1,-1]],
["Dsus4",4,[3,0,0,-1,-1,-1]],
["Dsus4",5,[3,0,0,0,-1,-1]],
["Dsus4",6,[5,5,5,-1,-1,-1]],
["Dsus4",7,[5,5,5,7,-1,-1]],
["Dsus4",8,[10,10,7,-1,-1,-1]],
["Dsus4",9,[10,10,7,7,-1,-1]],
["Dsus4",10,[10,12,12,12,-1,-1]],
["Dsus4",11,[10,10,12,14,-1,-1]],
["Dsus4",12,[15,12,12,-1,-1,-1]],
["Dsus4",13,[15,12,12,12,-1,-1]],
["Dsus4",14,[15,12,12,14,-1,-1]],
["Dsus4",15,[15,17,17,14,-1,-1]],
["Dsus4",16,[17,17,17,14,-1,-1]],
["Dsus4",17,[17,17,17,-1,-1,-1]],
["Ddim",1,[4,5,3,-1,-1,-1]],
["Ddim",2,[10,8,6,-1,-1,-1]],
["Ddim",3,[10,8,6,7,-1,-1]],
["Ddim",4,[10,8,6,10,-1,-1]],
["Ddim",5,[10,11,12,10,-1,-1]],
["Ddim",6,[13,11,12,10,-1,-1]],
["Ddim",7,[13,11,12,-1,-1,-1]],
["Ddim",8,[13,11,12,13,-1,-1]],
["Ddim",9,[13,17,15,13,-1,-1]],
["Ddim",10,[16,17,15,13,-1,-1]],
["Ddim",11,[16,17,15,-1,-1,-1]],
["Daug",1,[2,1,0,-1,-1,-1]],
["Daug",2,[2,1,0,3,-1,-1]],
["Daug",3,[2,5,4,3,-1,-1]],
["Daug",4,[6,5,4,3,-1,-1]],
["Daug",5,[6,5,4,-1,-1,-1]],
["Daug",6,[6,5,4,7,-1,-1]],
["Daug",7,[6,9,8,7,-1,-1]],
["Daug",8,[10,9,8,7,-1,-1]],
["Daug",9,[10,9,8,-1,-1,-1]],
["Daug",10,[10,9,8,11,-1,-1]],
["Daug",11,[10,13,12,11,-1,-1]],
["Daug",12,[14,13,12,11,-1,-1]],
["Daug",13,[14,13,12,-1,-1,-1]],
["Daug",14,[14,13,12,15,-1,-1]],
["Daug",15,[14,17,16,15,-1,-1]],
["Daug",16,[18,17,16,15,-1,-1]],
["Daug",17,[18,17,16,-1,-1,-1]],
["Dm6",1,[1,2,0,2,-1,-1]],
["Dm6",2,[1,0,0,4,-1,-1]],
["Dm6",3,[5,5,3,4,-1,-1]],
["Dm6",4,[7,8,7,7,-1,-1]],
["Dm6",5,[10,12,9,10,-1,-1]],
["Dm6",6,[13,14,12,14,-1,-1]],
["Dm6",7,[13,12,12,16,-1,-1]],
["Dm6",8,[17,17,15,16,-1,-1]],
["D6",1,[2,2,0,2,-1,-1]],
["D6",2,[2,0,0,4,-1,-1]],
["D6",3,[5,5,4,4,-1,-1]],
["D6",4,[7,9,7,7,-1,-1]],
["D6",5,[10,12,9,11,-1,-1]],
["D6",6,[14,14,12,14,-1,-1]],
["D6",7,[14,12,12,16,-1,-1]],
["D6",8,[17,17,16,16,-1,-1]],
["D7",1,[2,3,0,2,-1,-1]],
["D7",2,[5,5,4,5,-1,-1]],
["D7",3,[8,9,7,7,-1,-1]],
["D7",4,[8,12,12,11,-1,-1]],
["D7",5,[10,12,10,11,-1,-1]],
["D7",6,[14,15,12,14,-1,-1]],
["D7",7,[17,17,16,17,-1,-1]],
["DM7",1,[2,4,0,2,-1,-1]],
["DM7",2,[5,5,4,6,-1,-1]],
["DM7",3,[5,4,4,7,-1,-1]],
["DM7",4,[10,9,7,6,-1,-1]],
["DM7",5,[9,9,7,7,-1,-1]],
["DM7",6,[9,12,12,11,-1,-1]],
["DM7",7,[10,12,11,11,-1,-1]],
["DM7",8,[14,16,12,14,-1,-1]],
["DM7",9,[17,17,16,18,-1,-1]],
["Dm7",1,[1,3,0,2,-1,-1]],
["Dm7",2,[5,5,3,5,-1,-1]],
["Dm7",3,[8,8,7,7,-1,-1]],
["Dm7",4,[8,12,12,10,-1,-1]],
["Dm7",5,[10,12,10,10,-1,-1]],
["Dm7",6,[13,15,12,14,-1,-1]],
["Dm7",7,[17,17,15,17,-1,-1]],
["D#sus2",1,[1,1,1,-1,-1,-1]],
["D#sus2",2,[1,1,1,3,-1,-1]],
["D#sus2",3,[6,6,3,-1,-1,-1]],
["D#sus2",4,[6,6,3,3,-1,-1]],
["D#sus2",5,[6,8,8,8,-1,-1]],
["D#sus2",6,[6,6,8,10,-1,-1]],
["D#sus2",7,[11,8,8,-1,-1,-1]],
["D#sus2",8,[11,8,8,8,-1,-1]],
["D#sus2",9,[11,8,8,10,-1,-1]],
["D#sus2",10,[11,13,13,10,-1,-1]],
["D#sus2",11,[13,13,13,10,-1,-1]],
["D#sus2",12,[11,13,15,-1,-1,-1]],
["D#sus2",13,[11,13,15,15,-1,-1]],
["D#sus2",14,[13,13,13,-1,-1,-1]],
["D#sus2",15,[13,13,13,15,-1,-1]],
["D#sus2",16,[18,18,15,-1,-1,-1]],
["D#sus2",17,[18,18,15,15,-1,-1]],
["D#m",1,[2,1,1,-1,-1,-1]],
["D#m",2,[2,1,1,3,-1,-1]],
["D#m",3,[6,6,4,3,-1,-1]],
["D#m",4,[6,6,4,-1,-1,-1]],
["D#m",5,[6,9,8,8,-1,-1]],
["D#m",6,[11,9,8,-1,-1,-1]],
["D#m",7,[11,9,8,8,-1,-1]],
["D#m",8,[11,9,8,11,-1,-1]],
["D#m",9,[11,13,13,11,-1,-1]],
["D#m",10,[14,13,13,11,-1,-1]],
["D#m",11,[14,13,13,-1,-1,-1]],
["D#m",12,[14,13,13,15,-1,-1]],
["D#m",13,[14,18,16,15,-1,-1]],
["D#m",14,[18,18,16,15,-1,-1]],
["D#m",15,[18,18,16,-1,-1,-1]],
["D#m",1,[11,9,13,-1,-1,-1]],
["D#m",2,[11,9,13,11,-1,-1]],
["D#m",3,[14,18,16,-1,-1,-1]],
["D#M",1,[3,1,1,-1,-1,-1]],
["D#M",2,[3,1,1,0,-1,-1]],
["D#M",3,[3,1,1,3,-1,-1]],
["D#M",4,[3,6,5,3,-1,-1]],
["D#M",5,[6,6,5,3,-1,-1]],
["D#M",6,[6,6,5,-1,-1,-1]],
["D#M",7,[6,6,5,8,-1,-1]],
["D#M",8,[6,10,8,8,-1,-1]],
["D#M",9,[11,10,8,-1,-1,-1]],
["D#M",10,[11,10,8,8,-1,-1]],
["D#M",11,[11,10,8,12,-1,-1]],
["D#M",12,[11,13,13,12,-1,-1]],
["D#M",13,[15,13,13,12,-1,-1]],
["D#M",14,[15,13,13,-1,-1,-1]],
["D#M",15,[15,13,13,15,-1,-1]],
["D#M",16,[15,18,17,15,-1,-1]],
["D#M",17,[18,18,17,15,-1,-1]],
["D#M",18,[18,18,17,-1,-1,-1]],
["D#M",1,[3,6,5,-1,-1,-1]],
["D#M",2,[11,10,13,-1,-1,-1]],
["D#M",3,[11,10,13,12,-1,-1]],
["D#M",4,[15,18,17,-1,-1,-1]],
["D#sus4",1,[4,1,1,-1,-1,-1]],
["D#sus4",2,[4,1,1,1,-1,-1]],
["D#sus4",3,[4,1,1,3,-1,-1]],
["D#sus4",4,[4,6,6,3,-1,-1]],
["D#sus4",5,[6,6,6,3,-1,-1]],
["D#sus4",6,[6,6,6,-1,-1,-1]],
["D#sus4",7,[6,6,6,8,-1,-1]],
["D#sus4",8,[11,11,8,-1,-1,-1]],
["D#sus4",9,[11,11,8,8,-1,-1]],
["D#sus4",10,[11,13,13,13,-1,-1]],
["D#sus4",11,[11,11,13,15,-1,-1]],
["D#sus4",12,[16,13,13,-1,-1,-1]],
["D#sus4",13,[16,13,13,13,-1,-1]],
["D#sus4",14,[16,13,13,15,-1,-1]],
["D#sus4",15,[16,18,18,15,-1,-1]],
["D#sus4",16,[18,18,18,15,-1,-1]],
["D#sus4",17,[18,18,18,-1,-1,-1]],
["D#dim",1,[2,0,1,-1,-1,-1]],
["D#dim",2,[2,0,1,2,-1,-1]],
["D#dim",3,[5,6,4,-1,-1,-1]],
["D#dim",4,[11,9,7,-1,-1,-1]],
["D#dim",5,[11,9,7,8,-1,-1]],
["D#dim",6,[11,9,7,11,-1,-1]],
["D#dim",7,[11,12,13,11,-1,-1]],
["D#dim",8,[14,12,13,11,-1,-1]],
["D#dim",9,[14,12,13,-1,-1,-1]],
["D#dim",10,[14,12,13,14,-1,-1]],
["D#dim",11,[14,18,16,14,-1,-1]],
["D#dim",12,[17,18,16,14,-1,-1]],
["D#dim",13,[17,18,16,-1,-1,-1]],
["D#aug",1,[3,2,1,-1,-1,-1]],
["D#aug",2,[3,2,1,0,-1,-1]],
["D#aug",3,[3,2,1,4,-1,-1]],
["D#aug",4,[3,6,5,4,-1,-1]],
["D#aug",5,[7,6,5,4,-1,-1]],
["D#aug",6,[7,6,5,-1,-1,-1]],
["D#aug",7,[7,6,5,8,-1,-1]],
["D#aug",8,[7,10,9,8,-1,-1]],
["D#aug",9,[11,10,9,8,-1,-1]],
["D#aug",10,[11,10,9,-1,-1,-1]],
["D#aug",11,[11,10,9,12,-1,-1]],
["D#aug",12,[11,14,13,12,-1,-1]],
["D#aug",13,[15,14,13,12,-1,-1]],
["D#aug",14,[15,14,13,-1,-1,-1]],
["D#aug",15,[15,14,13,16,-1,-1]],
["D#aug",16,[15,18,17,16,-1,-1]],
["D#m6",1,[2,3,1,3,-1,-1]],
["D#m6",2,[6,6,4,5,-1,-1]],
["D#m6",3,[6,9,10,8,-1,-1]],
["D#m6",4,[8,9,8,8,-1,-1]],
["D#m6",5,[11,13,10,11,-1,-1]],
["D#m6",6,[14,15,13,15,-1,-1]],
["D#m6",7,[14,13,13,17,-1,-1]],
["D#m6",8,[18,18,16,17,-1,-1]],
["D#6",1,[3,3,1,3,-1,-1]],
["D#6",2,[6,6,5,5,-1,-1]],
["D#6",3,[6,10,10,8,-1,-1]],
["D#6",4,[8,10,8,8,-1,-1]],
["D#6",5,[11,13,10,12,-1,-1]],
["D#6",6,[15,15,13,15,-1,-1]],
["D#6",7,[15,13,13,17,-1,-1]],
["D#6",8,[18,18,17,17,-1,-1]],
["D#7",1,[3,4,1,3,-1,-1]],
["D#7",2,[6,6,5,6,-1,-1]],
["D#7",3,[9,10,8,8,-1,-1]],
["D#7",4,[9,13,13,12,-1,-1]],
["D#7",5,[11,13,11,12,-1,-1]],
["D#7",6,[15,16,13,15,-1,-1]],
["D#7",7,[18,18,17,18,-1,-1]],
["D#M7",1,[6,6,5,7,-1,-1]],
["D#M7",2,[6,5,5,8,-1,-1]],
["D#M7",3,[11,10,8,7,-1,-1]],
["D#M7",4,[10,10,8,8,-1,-1]],
["D#M7",5,[10,13,13,12,-1,-1]],
["D#M7",6,[11,13,12,12,-1,-1]],
["D#M7",7,[15,17,13,15,-1,-1]],
["D#m7",1,[2,4,1,3,-1,-1]],
["D#m7",2,[6,6,4,6,-1,-1]],
["D#m7",3,[9,9,8,8,-1,-1]],
["D#m7",4,[9,13,13,11,-1,-1]],
["D#m7",5,[11,13,11,11,-1,-1]],
["D#m7",6,[14,16,13,15,-1,-1]],
["D#m7",7,[18,18,16,18,-1,-1]],
["Esus2",1,[2,2,2,-1,-1,-1]],
["Esus2",2,[0,2,4,-1,-1,-1]],
["Esus2",3,[2,2,2,4,-1,-1]],
["Esus2",4,[0,2,4,4,-1,-1]],
["Esus2",5,[7,7,4,-1,-1,-1]],
["Esus2",6,[7,7,4,4,-1,-1]],
["Esus2",7,[7,9,9,9,-1,-1]],
["Esus2",8,[7,7,9,11,-1,-1]],
["Esus2",9,[12,9,9,-1,-1,-1]],
["Esus2",10,[12,9,9,9,-1,-1]],
["Esus2",11,[12,9,9,11,-1,-1]],
["Esus2",12,[12,14,14,11,-1,-1]],
["Esus2",13,[14,14,14,11,-1,-1]],
["Esus2",14,[12,14,16,-1,-1,-1]],
["Esus2",15,[12,14,16,16,-1,-1]],
["Esus2",16,[14,14,14,-1,-1,-1]],
["Esus2",17,[14,14,14,16,-1,-1]],
["Em",1,[3,2,2,-1,-1,-1]],
["Em",2,[0,2,2,0,-1,-1]],
["Em",3,[3,2,2,0,-1,-1]],
["Em",4,[3,2,2,4,-1,-1]],
["Em",5,[7,7,5,4,-1,-1]],
["Em",6,[7,7,5,-1,-1,-1]],
["Em",7,[7,10,9,9,-1,-1]],
["Em",8,[12,10,9,-1,-1,-1]],
["Em",9,[12,10,9,9,-1,-1]],
["Em",10,[12,10,9,12,-1,-1]],
["Em",11,[12,14,14,12,-1,-1]],
["Em",12,[15,14,14,12,-1,-1]],
["Em",13,[15,14,14,-1,-1,-1]],
["Em",14,[15,14,14,16,-1,-1]],
["Em",1,[12,10,14,-1,-1,-1]],
["Em",2,[12,10,14,12,-1,-1]],
["EM",1,[0,2,2,1,-1,-1]],
["EM",2,[4,2,2,1,-1,-1]],
["EM",3,[4,2,2,-1,-1,-1]],
["EM",4,[4,2,2,4,-1,-1]],
["EM",5,[4,7,6,4,-1,-1]],
["EM",6,[7,7,6,4,-1,-1]],
["EM",7,[7,7,6,-1,-1,-1]],
["EM",8,[7,7,6,9,-1,-1]],
["EM",9,[7,11,9,9,-1,-1]],
["EM",10,[12,11,9,-1,-1,-1]],
["EM",11,[12,11,9,9,-1,-1]],
["EM",12,[12,11,9,13,-1,-1]],
["EM",13,[12,14,14,13,-1,-1]],
["EM",14,[16,14,14,13,-1,-1]],
["EM",15,[16,14,14,-1,-1,-1]],
["EM",16,[16,14,14,16,-1,-1]],
["EM",1,[4,7,6,-1,-1,-1]],
["EM",2,[12,11,14,-1,-1,-1]],
["EM",3,[12,11,14,13,-1,-1]],
["Esus4",1,[5,2,2,-1,-1,-1]],
["Esus4",2,[0,2,2,2,-1,-1]],
["Esus4",3,[5,2,2,2,-1,-1]],
["Esus4",4,[0,0,2,4,-1,-1]],
["Esus4",5,[5,2,2,4,-1,-1]],
["Esus4",6,[5,7,7,4,-1,-1]],
["Esus4",7,[7,7,7,4,-1,-1]],
["Esus4",8,[7,7,7,-1,-1,-1]],
["Esus4",9,[7,7,7,9,-1,-1]],
["Esus4",10,[12,12,9,-1,-1,-1]],
["Esus4",11,[12,12,9,9,-1,-1]],
["Esus4",12,[12,14,14,14,-1,-1]],
["Esus4",13,[12,12,14,16,-1,-1]],
["Esus4",14,[17,14,14,-1,-1,-1]],
["Esus4",15,[17,14,14,14,-1,-1]],
["Esus4",16,[17,14,14,16,-1,-1]],
["Edim",1,[3,1,2,-1,-1,-1]],
["Edim",2,[0,1,2,0,-1,-1]],
["Edim",3,[3,1,2,0,-1,-1]],
["Edim",4,[3,1,2,3,-1,-1]],
["Edim",5,[6,7,5,-1,-1,-1]],
["Edim",6,[6,10,8,9,-1,-1]],
["Edim",7,[12,10,8,-1,-1,-1]],
["Edim",8,[12,10,8,9,-1,-1]],
["Edim",9,[12,10,8,12,-1,-1]],
["Edim",10,[12,13,14,12,-1,-1]],
["Edim",11,[15,13,14,12,-1,-1]],
["Edim",12,[15,13,14,-1,-1,-1]],
["Edim",13,[15,13,14,15,-1,-1]],
["Eaug",1,[0,3,2,1,-1,-1]],
["Eaug",2,[4,3,2,1,-1,-1]],
["Eaug",3,[4,3,2,-1,-1,-1]],
["Eaug",4,[4,3,2,5,-1,-1]],
["Eaug",5,[4,7,6,5,-1,-1]],
["Eaug",6,[8,7,6,5,-1,-1]],
["Eaug",7,[8,7,6,-1,-1,-1]],
["Eaug",8,[8,7,6,9,-1,-1]],
["Eaug",9,[8,11,10,9,-1,-1]],
["Eaug",10,[12,11,10,9,-1,-1]],
["Eaug",11,[12,11,10,-1,-1,-1]],
["Eaug",12,[12,11,10,13,-1,-1]],
["Eaug",13,[12,15,14,13,-1,-1]],
["Eaug",14,[16,15,14,13,-1,-1]],
["Eaug",15,[16,15,14,-1,-1,-1]],
["Eaug",16,[16,15,14,17,-1,-1]],
["Em6",1,[3,4,2,4,-1,-1]],
["Em6",2,[7,7,5,6,-1,-1]],
["Em6",3,[7,10,11,9,-1,-1]],
["Em6",4,[9,10,9,9,-1,-1]],
["Em6",5,[12,14,11,12,-1,-1]],
["Em6",6,[15,16,14,16,-1,-1]],
["Em6",7,[15,14,14,18,-1,-1]],
["E6",1,[4,4,2,4,-1,-1]],
["E6",2,[7,7,6,6,-1,-1]],
["E6",3,[7,11,11,9,-1,-1]],
["E6",4,[9,11,9,9,-1,-1]],
["E6",5,[12,14,11,13,-1,-1]],
["E6",6,[16,16,14,16,-1,-1]],
["E6",7,[16,14,14,18,-1,-1]],
["E7",1,[0,2,0,1,-1,-1]],
["E7",2,[4,5,2,4,-1,-1]],
["E7",3,[7,7,6,7,-1,-1]],
["E7",4,[10,11,9,9,-1,-1]],
["E7",5,[10,14,14,13,-1,-1]],
["E7",6,[12,14,12,13,-1,-1]],
["E7",7,[16,17,14,16,-1,-1]],
["EM7",1,[0,2,1,1,-1,-1]],
["EM7",2,[7,7,6,8,-1,-1]],
["EM7",3,[7,6,6,9,-1,-1]],
["EM7",4,[12,11,9,8,-1,-1]],
["EM7",5,[11,11,9,9,-1,-1]],
["EM7",6,[11,14,14,13,-1,-1]],
["EM7",7,[12,14,13,13,-1,-1]],
["EM7",8,[16,18,14,16,-1,-1]],
["Em7",1,[0,2,0,0,-1,-1]],
["Em7",2,[3,5,2,4,-1,-1]],
["Em7",3,[7,7,5,7,-1,-1]],
["Em7",4,[10,10,9,9,-1,-1]],
["Em7",5,[10,14,14,12,-1,-1]],
["Em7",6,[12,14,12,12,-1,-1]],
["Em7",7,[15,17,14,16,-1,-1]],
["Fsus2",1,[1,3,3,0,-1,-1]],
["Fsus2",2,[3,3,3,-1,-1,-1]],
["Fsus2",3,[3,3,3,0,-1,-1]],
["Fsus2",4,[3,3,3,5,-1,-1]],
["Fsus2",5,[8,8,5,-1,-1,-1]],
["Fsus2",6,[8,8,5,5,-1,-1]],
["Fsus2",7,[8,10,10,10,-1,-1]],
["Fsus2",8,[8,8,10,12,-1,-1]],
["Fsus2",9,[13,10,10,-1,-1,-1]],
["Fsus2",10,[13,10,10,10,-1,-1]],
["Fsus2",11,[13,10,10,12,-1,-1]],
["Fsus2",12,[13,15,15,12,-1,-1]],
["Fsus2",13,[15,15,15,12,-1,-1]],
["Fsus2",14,[13,15,17,-1,-1,-1]],
["Fsus2",15,[13,15,17,17,-1,-1]],
["Fsus2",16,[15,15,15,-1,-1,-1]],
["Fsus2",17,[15,15,15,17,-1,-1]],
["Fm",1,[1,3,3,1,-1,-1]],
["Fm",2,[4,3,3,1,-1,-1]],
["Fm",3,[4,3,3,-1,-1,-1]],
["Fm",4,[4,3,3,5,-1,-1]],
["Fm",5,[8,8,6,5,-1,-1]],
["Fm",6,[8,8,6,-1,-1,-1]],
["Fm",7,[8,8,6,10,-1,-1]],
["Fm",8,[8,11,10,10,-1,-1]],
["Fm",9,[13,11,10,-1,-1,-1]],
["Fm",10,[13,11,10,10,-1,-1]],
["Fm",11,[13,11,10,13,-1,-1]],
["Fm",12,[13,15,15,13,-1,-1]],
["Fm",13,[16,15,15,13,-1,-1]],
["Fm",14,[16,15,15,-1,-1,-1]],
["Fm",15,[16,15,15,17,-1,-1]],
["Fm",1,[13,11,15,-1,-1,-1]],
["Fm",2,[13,11,15,13,-1,-1]],
["FM",1,[1,3,3,2,-1,-1]],
["FM",2,[5,3,3,2,-1,-1]],
["FM",3,[5,3,3,-1,-1,-1]],
["FM",4,[5,3,3,5,-1,-1]],
["FM",5,[5,8,7,5,-1,-1]],
["FM",6,[8,8,7,5,-1,-1]],
["FM",7,[8,8,7,-1,-1,-1]],
["FM",8,[8,8,7,10,-1,-1]],
["FM",9,[8,12,10,10,-1,-1]],
["FM",10,[13,12,10,-1,-1,-1]],
["FM",11,[13,12,10,10,-1,-1]],
["FM",12,[13,12,10,14,-1,-1]],
["FM",13,[13,15,15,14,-1,-1]],
["FM",14,[17,15,15,14,-1,-1]],
["FM",15,[17,15,15,-1,-1,-1]],
["FM",16,[17,15,15,17,-1,-1]],
["FM",1,[1,0,3,-1,-1,-1]],
["FM",2,[1,0,3,2,-1,-1]],
["FM",3,[5,8,7,-1,-1,-1]],
["FM",4,[13,12,15,-1,-1,-1]],
["FM",5,[13,12,15,14,-1,-1]],
["Fsus4",1,[1,3,3,3,-1,-1]],
["Fsus4",2,[6,3,3,-1,-1,-1]],
["Fsus4",3,[6,3,3,3,-1,-1]],
["Fsus4",4,[6,3,3,5,-1,-1]],
["Fsus4",5,[6,8,8,5,-1,-1]],
["Fsus4",6,[8,8,8,5,-1,-1]],
["Fsus4",7,[6,8,10,-1,-1,-1]],
["Fsus4",8,[6,8,10,10,-1,-1]],
["Fsus4",9,[8,8,8,-1,-1,-1]],
["Fsus4",10,[8,8,8,10,-1,-1]],
["Fsus4",11,[13,13,10,-1,-1,-1]],
["Fsus4",12,[13,13,10,10,-1,-1]],
["Fsus4",13,[13,15,15,15,-1,-1]],
["Fsus4",14,[13,13,15,17,-1,-1]],
["Fsus4",15,[18,15,15,-1,-1,-1]],
["Fsus4",16,[18,15,15,15,-1,-1]],
["Fsus4",17,[18,15,15,17,-1,-1]],
["Fdim",1,[1,2,3,1,-1,-1]],
["Fdim",2,[4,2,3,1,-1,-1]],
["Fdim",3,[4,2,3,-1,-1,-1]],
["Fdim",4,[4,2,3,4,-1,-1]],
["Fdim",5,[7,8,6,-1,-1,-1]],
["Fdim",6,[7,8,6,10,-1,-1]],
["Fdim",7,[7,11,9,10,-1,-1]],
["Fdim",8,[13,11,9,-1,-1,-1]],
["Fdim",9,[13,11,9,10,-1,-1]],
["Fdim",10,[13,11,9,13,-1,-1]],
["Fdim",11,[13,14,15,13,-1,-1]],
["Fdim",12,[16,14,15,13,-1,-1]],
["Fdim",13,[16,14,15,-1,-1,-1]],
["Fdim",14,[16,14,15,16,-1,-1]],
["Faug",1,[1,4,3,2,-1,-1]],
["Faug",2,[5,4,3,2,-1,-1]],
["Faug",3,[5,4,3,-1,-1,-1]],
["Faug",4,[5,4,3,6,-1,-1]],
["Faug",5,[5,8,7,6,-1,-1]],
["Faug",6,[9,8,7,6,-1,-1]],
["Faug",7,[9,8,7,-1,-1,-1]],
["Faug",8,[9,8,7,10,-1,-1]],
["Faug",9,[9,12,11,10,-1,-1]],
["Faug",10,[13,12,11,10,-1,-1]],
["Faug",11,[13,12,11,-1,-1,-1]],
["Faug",12,[13,12,11,14,-1,-1]],
["Faug",13,[13,16,15,14,-1,-1]],
["Faug",14,[17,16,15,14,-1,-1]],
["Faug",15,[17,16,15,-1,-1,-1]],
["Faug",16,[17,16,15,18,-1,-1]],
["Fm6",1,[1,3,0,1,-1,-1]],
["Fm6",2,[4,5,3,5,-1,-1]],
["Fm6",3,[8,8,6,7,-1,-1]],
["Fm6",4,[8,11,12,10,-1,-1]],
["Fm6",5,[10,11,10,10,-1,-1]],
["Fm6",6,[13,15,12,13,-1,-1]],
["Fm6",7,[16,17,15,17,-1,-1]],
["F6",1,[1,3,0,2,-1,-1]],
["F6",2,[5,5,3,5,-1,-1]],
["F6",3,[8,8,7,7,-1,-1]],
["F6",4,[8,12,12,10,-1,-1]],
["F6",5,[10,12,10,10,-1,-1]],
["F6",6,[13,15,12,14,-1,-1]],
["F6",7,[17,17,15,17,-1,-1]],
["F7",1,[1,3,1,2,-1,-1]],
["F7",2,[5,6,3,5,-1,-1]],
["F7",3,[8,6,7,10,-1,-1]],
["F7",4,[8,8,7,8,-1,-1]],
["F7",5,[11,12,10,10,-1,-1]],
["F7",6,[11,15,15,14,-1,-1]],
["F7",7,[13,15,13,14,-1,-1]],
["F7",8,[17,18,15,17,-1,-1]],
["FM7",1,[1,3,2,2,-1,-1]],
["FM7",2,[0,3,3,2,-1,-1]],
["FM7",3,[8,8,7,9,-1,-1]],
["FM7",4,[8,7,7,10,-1,-1]],
["FM7",5,[13,12,10,9,-1,-1]],
["FM7",6,[12,12,10,10,-1,-1]],
["FM7",7,[12,15,15,14,-1,-1]],
["FM7",8,[13,15,14,14,-1,-1]],
["Fm7",1,[1,3,1,1,-1,-1]],
["Fm7",2,[4,6,3,5,-1,-1]],
["Fm7",3,[8,8,6,8,-1,-1]],
["Fm7",4,[8,6,6,10,-1,-1]],
["Fm7",5,[11,11,10,10,-1,-1]],
["Fm7",6,[11,15,15,13,-1,-1]],
["Fm7",7,[13,15,13,13,-1,-1]],
["Fm7",8,[16,18,15,17,-1,-1]],
["F#sus2",1,[2,4,4,1,-1,-1]],
["F#sus2",2,[4,4,4,1,-1,-1]],
["F#sus2",3,[4,4,4,-1,-1,-1]],
["F#sus2",4,[4,4,4,6,-1,-1]],
["F#sus2",5,[9,9,6,-1,-1,-1]],
["F#sus2",6,[9,9,6,6,-1,-1]],
["F#sus2",7,[9,11,11,11,-1,-1]],
["F#sus2",8,[9,9,11,13,-1,-1]],
["F#sus2",9,[14,11,11,-1,-1,-1]],
["F#sus2",10,[14,11,11,11,-1,-1]],
["F#sus2",11,[14,11,11,13,-1,-1]],
["F#sus2",12,[14,16,16,13,-1,-1]],
["F#sus2",13,[16,16,16,13,-1,-1]],
["F#sus2",14,[14,16,18,-1,-1,-1]],
["F#sus2",15,[14,16,18,18,-1,-1]],
["F#sus2",16,[16,16,16,-1,-1,-1]],
["F#sus2",17,[16,16,16,18,-1,-1]],
["F#m",1,[2,4,4,2,-1,-1]],
["F#m",2,[5,4,4,2,-1,-1]],
["F#m",3,[5,4,4,-1,-1,-1]],
["F#m",4,[5,4,4,6,-1,-1]],
["F#m",5,[9,9,7,6,-1,-1]],
["F#m",6,[9,9,7,-1,-1,-1]],
["F#m",7,[9,9,7,11,-1,-1]],
["F#m",8,[9,12,11,11,-1,-1]],
["F#m",9,[14,12,11,-1,-1,-1]],
["F#m",10,[14,12,11,11,-1,-1]],
["F#m",11,[14,12,11,14,-1,-1]],
["F#m",12,[14,16,16,14,-1,-1]],
["F#m",13,[17,16,16,14,-1,-1]],
["F#m",14,[17,16,16,-1,-1,-1]],
["F#m",15,[17,16,16,18,-1,-1]],
["F#m",1,[2,0,4,-1,-1,-1]],
["F#m",2,[2,0,4,2,-1,-1]],
["F#m",3,[14,12,16,-1,-1,-1]],
["F#m",4,[14,12,16,14,-1,-1]],
["F#M",1,[2,4,4,3,-1,-1]],
["F#M",2,[6,4,4,3,-1,-1]],
["F#M",3,[6,4,4,-1,-1,-1]],
["F#M",4,[6,4,4,6,-1,-1]],
["F#M",5,[6,9,8,6,-1,-1]],
["F#M",6,[9,9,8,6,-1,-1]],
["F#M",7,[9,9,8,-1,-1,-1]],
["F#M",8,[9,9,8,11,-1,-1]],
["F#M",9,[9,13,11,11,-1,-1]],
["F#M",10,[14,13,11,-1,-1,-1]],
["F#M",11,[14,13,11,11,-1,-1]],
["F#M",12,[14,13,11,15,-1,-1]],
["F#M",13,[14,16,16,15,-1,-1]],
["F#M",14,[18,16,16,15,-1,-1]],
["F#M",15,[18,16,16,-1,-1,-1]],
["F#M",16,[18,16,16,18,-1,-1]],
["F#M",1,[2,1,4,-1,-1,-1]],
["F#M",2,[2,1,4,3,-1,-1]],
["F#M",3,[6,9,8,-1,-1,-1]],
["F#M",4,[14,13,16,-1,-1,-1]],
["F#M",5,[14,13,16,15,-1,-1]],
["F#sus4",1,[2,4,4,4,-1,-1]],
["F#sus4",2,[7,4,4,-1,-1,-1]],
["F#sus4",3,[7,4,4,4,-1,-1]],
["F#sus4",4,[7,4,4,6,-1,-1]],
["F#sus4",5,[7,9,9,6,-1,-1]],
["F#sus4",6,[9,9,9,6,-1,-1]],
["F#sus4",7,[7,9,11,-1,-1,-1]],
["F#sus4",8,[7,9,11,11,-1,-1]],
["F#sus4",9,[9,9,9,-1,-1,-1]],
["F#sus4",10,[9,9,9,11,-1,-1]],
["F#sus4",11,[14,14,11,-1,-1,-1]],
["F#sus4",12,[14,14,11,11,-1,-1]],
["F#sus4",13,[14,16,16,16,-1,-1]],
["F#sus4",14,[14,14,16,18,-1,-1]],
["F#dim",1,[2,3,4,2,-1,-1]],
["F#dim",2,[5,3,4,2,-1,-1]],
["F#dim",3,[5,3,4,-1,-1,-1]],
["F#dim",4,[5,3,4,5,-1,-1]],
["F#dim",5,[8,9,7,-1,-1,-1]],
["F#dim",6,[8,9,7,11,-1,-1]],
["F#dim",7,[8,12,10,11,-1,-1]],
["F#dim",8,[14,12,10,-1,-1,-1]],
["F#dim",9,[14,12,10,11,-1,-1]],
["F#dim",10,[14,12,10,14,-1,-1]],
["F#dim",11,[14,15,16,14,-1,-1]],
["F#dim",12,[17,15,16,14,-1,-1]],
["F#dim",13,[17,15,16,-1,-1,-1]],
["F#dim",14,[17,15,16,17,-1,-1]],
["F#aug",1,[2,1,0,-1,-1,-1]],
["F#aug",2,[2,1,0,3,-1,-1]],
["F#aug",3,[2,5,4,3,-1,-1]],
["F#aug",4,[6,5,4,3,-1,-1]],
["F#aug",5,[6,5,4,-1,-1,-1]],
["F#aug",6,[6,5,4,7,-1,-1]],
["F#aug",7,[6,9,8,7,-1,-1]],
["F#aug",8,[10,9,8,7,-1,-1]],
["F#aug",9,[10,9,8,-1,-1,-1]],
["F#aug",10,[10,9,8,11,-1,-1]],
["F#aug",11,[10,13,12,11,-1,-1]],
["F#aug",12,[14,13,12,11,-1,-1]],
["F#aug",13,[14,13,12,-1,-1,-1]],
["F#aug",14,[14,13,12,15,-1,-1]],
["F#aug",15,[14,17,16,15,-1,-1]],
["F#aug",16,[18,17,16,15,-1,-1]],
["F#aug",17,[18,17,16,-1,-1,-1]],
["F#m6",1,[2,4,1,2,-1,-1]],
["F#m6",2,[5,6,4,6,-1,-1]],
["F#m6",3,[9,9,7,8,-1,-1]],
["F#m6",4,[9,12,13,11,-1,-1]],
["F#m6",5,[11,12,11,11,-1,-1]],
["F#m6",6,[14,16,13,14,-1,-1]],
["F#m6",7,[17,18,16,18,-1,-1]],
["F#6",1,[2,4,1,3,-1,-1]],
["F#6",2,[6,6,4,6,-1,-1]],
["F#6",3,[9,9,8,8,-1,-1]],
["F#6",4,[9,13,13,11,-1,-1]],
["F#6",5,[11,13,11,11,-1,-1]],
["F#6",6,[14,16,13,15,-1,-1]],
["F#6",7,[18,18,16,18,-1,-1]],
["F#7",1,[2,4,2,3,-1,-1]],
["F#7",2,[0,4,4,3,-1,-1]],
["F#7",3,[6,7,4,6,-1,-1]],
["F#7",4,[9,7,8,11,-1,-1]],
["F#7",5,[9,9,8,9,-1,-1]],
["F#7",6,[12,13,11,11,-1,-1]],
["F#7",7,[12,16,16,15,-1,-1]],
["F#7",8,[14,16,14,15,-1,-1]],
["F#M7",1,[1,4,4,3,-1,-1]],
["F#M7",2,[2,4,3,3,-1,-1]],
["F#M7",3,[9,9,8,10,-1,-1]],
["F#M7",4,[9,8,8,11,-1,-1]],
["F#M7",5,[14,13,11,10,-1,-1]],
["F#M7",6,[13,13,11,11,-1,-1]],
["F#M7",7,[13,16,16,15,-1,-1]],
["F#M7",8,[14,16,15,15,-1,-1]],
["F#m7",1,[2,4,2,2,-1,-1]],
["F#m7",2,[0,4,4,2,-1,-1]],
["F#m7",3,[5,7,4,6,-1,-1]],
["F#m7",4,[9,9,7,9,-1,-1]],
["F#m7",5,[9,7,7,11,-1,-1]],
["F#m7",6,[12,12,11,11,-1,-1]],
["F#m7",7,[12,16,16,14,-1,-1]],
["F#m7",8,[14,16,14,14,-1,-1]],
["Gsus2",1,[3,0,0,2,-1,-1]],
["Gsus2",2,[3,5,5,2,-1,-1]],
["Gsus2",3,[5,5,5,2,-1,-1]],
["Gsus2",4,[3,0,0,-1,-1,-1]],
["Gsus2",5,[3,0,0,0,-1,-1]],
["Gsus2",6,[5,5,5,-1,-1,-1]],
["Gsus2",7,[5,5,5,7,-1,-1]],
["Gsus2",8,[10,10,7,-1,-1,-1]],
["Gsus2",9,[10,10,7,7,-1,-1]],
["Gsus2",10,[10,12,12,12,-1,-1]],
["Gsus2",11,[10,10,12,14,-1,-1]],
["Gsus2",12,[15,12,12,-1,-1,-1]],
["Gsus2",13,[15,12,12,12,-1,-1]],
["Gsus2",14,[15,12,12,14,-1,-1]],
["Gsus2",15,[15,17,17,14,-1,-1]],
["Gsus2",16,[17,17,17,14,-1,-1]],
["Gsus2",17,[17,17,17,-1,-1,-1]],
["Gm",1,[3,1,0,-1,-1,-1]],
["Gm",2,[3,1,0,0,-1,-1]],
["Gm",3,[3,1,0,3,-1,-1]],
["Gm",4,[3,5,5,3,-1,-1]],
["Gm",5,[6,5,5,3,-1,-1]],
["Gm",6,[6,5,5,-1,-1,-1]],
["Gm",7,[6,5,5,7,-1,-1]],
["Gm",8,[6,10,8,7,-1,-1]],
["Gm",9,[10,10,8,7,-1,-1]],
["Gm",10,[10,10,8,-1,-1,-1]],
["Gm",11,[10,10,8,12,-1,-1]],
["Gm",12,[10,13,12,12,-1,-1]],
["Gm",13,[15,13,12,-1,-1,-1]],
["Gm",14,[15,13,12,12,-1,-1]],
["Gm",15,[15,13,12,15,-1,-1]],
["Gm",16,[15,17,17,15,-1,-1]],
["Gm",17,[18,17,17,15,-1,-1]],
["Gm",18,[18,17,17,-1,-1,-1]],
["Gm",1,[6,10,8,-1,-1,-1]],
["Gm",2,[15,13,17,-1,-1,-1]],
["Gm",3,[15,13,17,15,-1,-1]],
["GM",1,[3,2,0,-1,-1,-1]],
["GM",2,[3,2,0,0,-1,-1]],
["GM",3,[3,2,0,4,-1,-1]],
["GM",4,[3,5,5,4,-1,-1]],
["GM",5,[7,5,5,4,-1,-1]],
["GM",6,[7,5,5,-1,-1,-1]],
["GM",7,[7,5,5,7,-1,-1]],
["GM",8,[7,10,9,7,-1,-1]],
["GM",9,[10,10,9,7,-1,-1]],
["GM",10,[10,10,9,-1,-1,-1]],
["GM",11,[10,10,9,12,-1,-1]],
["GM",12,[10,14,12,12,-1,-1]],
["GM",13,[15,14,12,-1,-1,-1]],
["GM",14,[15,14,12,12,-1,-1]],
["GM",15,[15,14,12,16,-1,-1]],
["GM",16,[15,17,17,16,-1,-1]],
["GM",1,[3,2,5,-1,-1,-1]],
["GM",2,[3,2,5,4,-1,-1]],
["GM",3,[7,10,9,-1,-1,-1]],
["GM",4,[15,14,17,-1,-1,-1]],
["GM",5,[15,14,17,16,-1,-1]],
["Gsus4",1,[3,3,0,-1,-1,-1]],
["Gsus4",2,[3,3,0,0,-1,-1]],
["Gsus4",3,[3,5,5,5,-1,-1]],
["Gsus4",4,[8,5,5,-1,-1,-1]],
["Gsus4",5,[8,5,5,5,-1,-1]],
["Gsus4",6,[8,5,5,7,-1,-1]],
["Gsus4",7,[8,10,10,7,-1,-1]],
["Gsus4",8,[10,10,10,7,-1,-1]],
["Gsus4",9,[8,10,12,-1,-1,-1]],
["Gsus4",10,[8,10,12,12,-1,-1]],
["Gsus4",11,[10,10,10,-1,-1,-1]],
["Gsus4",12,[10,10,10,12,-1,-1]],
["Gsus4",13,[15,15,12,-1,-1,-1]],
["Gsus4",14,[15,15,12,12,-1,-1]],
["Gsus4",15,[15,17,17,17,-1,-1]],
["Gdim",1,[3,4,5,3,-1,-1]],
["Gdim",2,[6,4,5,3,-1,-1]],
["Gdim",3,[6,4,5,-1,-1,-1]],
["Gdim",4,[6,4,5,6,-1,-1]],
["Gdim",5,[6,10,8,6,-1,-1]],
["Gdim",6,[9,10,8,6,-1,-1]],
["Gdim",7,[9,10,8,-1,-1,-1]],
["Gdim",8,[9,10,8,12,-1,-1]],
["Gdim",9,[9,13,11,12,-1,-1]],
["Gdim",10,[15,13,11,-1,-1,-1]],
["Gdim",11,[15,13,11,12,-1,-1]],
["Gdim",12,[15,13,11,15,-1,-1]],
["Gdim",13,[15,16,17,15,-1,-1]],
["Gdim",14,[18,16,17,15,-1,-1]],
["Gdim",15,[18,16,17,-1,-1,-1]],
["Gdim",16,[18,16,17,18,-1,-1]],
["Gaug",1,[3,2,1,-1,-1,-1]],
["Gaug",2,[3,2,1,0,-1,-1]],
["Gaug",3,[3,2,1,4,-1,-1]],
["Gaug",4,[3,6,5,4,-1,-1]],
["Gaug",5,[7,6,5,4,-1,-1]],
["Gaug",6,[7,6,5,-1,-1,-1]],
["Gaug",7,[7,6,5,8,-1,-1]],
["Gaug",8,[7,10,9,8,-1,-1]],
["Gaug",9,[11,10,9,8,-1,-1]],
["Gaug",10,[11,10,9,-1,-1,-1]],
["Gaug",11,[11,10,9,12,-1,-1]],
["Gaug",12,[11,14,13,12,-1,-1]],
["Gaug",13,[15,14,13,12,-1,-1]],
["Gaug",14,[15,14,13,-1,-1,-1]],
["Gaug",15,[15,14,13,16,-1,-1]],
["Gaug",16,[15,18,17,16,-1,-1]],
["Gm6",1,[0,1,0,0,-1,-1]],
["Gm6",2,[3,5,2,3,-1,-1]],
["Gm6",3,[6,7,5,7,-1,-1]],
["Gm6",4,[10,10,8,9,-1,-1]],
["Gm6",5,[10,13,14,12,-1,-1]],
["Gm6",6,[12,13,12,12,-1,-1]],
["Gm6",7,[15,17,14,15,-1,-1]],
["G6",1,[0,2,0,0,-1,-1]],
["G6",2,[3,5,2,4,-1,-1]],
["G6",3,[7,7,5,7,-1,-1]],
["G6",4,[10,10,9,9,-1,-1]],
["G6",5,[10,14,14,12,-1,-1]],
["G6",6,[12,14,12,12,-1,-1]],
["G6",7,[15,17,14,16,-1,-1]],
["G7",1,[1,2,0,0,-1,-1]],
["G7",2,[3,5,3,4,-1,-1]],
["G7",3,[7,8,5,7,-1,-1]],
["G7",4,[10,8,9,12,-1,-1]],
["G7",5,[10,10,9,10,-1,-1]],
["G7",6,[13,14,12,12,-1,-1]],
["G7",7,[13,17,17,16,-1,-1]],
["G7",8,[15,17,15,16,-1,-1]],
["GM7",1,[2,2,0,0,-1,-1]],
["GM7",2,[2,5,5,4,-1,-1]],
["GM7",3,[3,5,4,4,-1,-1]],
["GM7",4,[10,10,9,11,-1,-1]],
["GM7",5,[10,9,9,12,-1,-1]],
["GM7",6,[15,14,12,11,-1,-1]],
["GM7",7,[14,14,12,12,-1,-1]],
["GM7",8,[14,17,17,16,-1,-1]],
["GM7",9,[15,17,16,16,-1,-1]],
["Gm7",1,[1,1,0,0,-1,-1]],
["Gm7",2,[3,5,3,3,-1,-1]],
["Gm7",3,[6,8,5,7,-1,-1]],
["Gm7",4,[10,10,8,10,-1,-1]],
["Gm7",5,[10,8,8,12,-1,-1]],
["Gm7",6,[13,13,12,12,-1,-1]],
["Gm7",7,[13,17,17,15,-1,-1]],
["Gm7",8,[15,17,15,15,-1,-1]],
["G#sus2",1,[4,1,1,-1,-1,-1]],
["G#sus2",2,[4,1,1,1,-1,-1]],
["G#sus2",3,[4,1,1,3,-1,-1]],
["G#sus2",4,[4,6,6,3,-1,-1]],
["G#sus2",5,[6,6,6,3,-1,-1]],
["G#sus2",6,[6,6,6,-1,-1,-1]],
["G#sus2",7,[6,6,6,8,-1,-1]],
["G#sus2",8,[11,11,8,-1,-1,-1]],
["G#sus2",9,[11,11,8,8,-1,-1]],
["G#sus2",10,[11,13,13,13,-1,-1]],
["G#sus2",11,[11,11,13,15,-1,-1]],
["G#sus2",12,[16,13,13,-1,-1,-1]],
["G#sus2",13,[16,13,13,13,-1,-1]],
["G#sus2",14,[16,13,13,15,-1,-1]],
["G#sus2",15,[16,18,18,15,-1,-1]],
["G#sus2",16,[18,18,18,15,-1,-1]],
["G#sus2",17,[18,18,18,-1,-1,-1]],
["G#m",1,[4,2,1,-1,-1,-1]],
["G#m",2,[4,2,1,1,-1,-1]],
["G#m",3,[4,2,1,4,-1,-1]],
["G#m",4,[4,6,6,4,-1,-1]],
["G#m",5,[7,6,6,4,-1,-1]],
["G#m",6,[7,6,6,-1,-1,-1]],
["G#m",7,[7,6,6,8,-1,-1]],
["G#m",8,[7,11,9,8,-1,-1]],
["G#m",9,[11,11,9,8,-1,-1]],
["G#m",10,[11,11,9,-1,-1,-1]],
["G#m",11,[11,11,9,13,-1,-1]],
["G#m",12,[11,14,13,13,-1,-1]],
["G#m",13,[16,14,13,-1,-1,-1]],
["G#m",14,[16,14,13,13,-1,-1]],
["G#m",15,[16,14,13,16,-1,-1]],
["G#m",16,[16,18,18,16,-1,-1]],
["G#m",1,[7,11,9,-1,-1,-1]],
["G#m",2,[16,14,18,-1,-1,-1]],
["G#m",3,[16,14,18,16,-1,-1]],
["G#M",1,[4,3,1,-1,-1,-1]],
["G#M",2,[4,3,1,1,-1,-1]],
["G#M",3,[4,6,6,5,-1,-1]],
["G#M",4,[8,6,6,5,-1,-1]],
["G#M",5,[8,6,6,-1,-1,-1]],
["G#M",6,[8,6,6,8,-1,-1]],
["G#M",7,[11,11,10,8,-1,-1]],
["G#M",8,[8,11,10,8,-1,-1]],
["G#M",9,[11,11,10,-1,-1,-1]],
["G#M",10,[11,11,10,13,-1,-1]],
["G#M",11,[11,15,13,13,-1,-1]],
["G#M",12,[16,15,13,-1,-1,-1]],
["G#M",13,[16,15,13,13,-1,-1]],
["G#M",14,[16,15,13,17,-1,-1]],
["G#M",15,[16,18,18,17,-1,-1]],
["G#M",1,[4,3,6,-1,-1,-1]],
["G#M",2,[4,3,6,5,-1,-1]],
["G#M",3,[8,11,10,-1,-1,-1]],
["G#M",4,[16,15,18,-1,-1,-1]],
["G#M",5,[16,15,18,17,-1,-1]],
["G#sus4",1,[4,4,1,-1,-1,-1]],
["G#sus4",2,[4,4,1,1,-1,-1]],
["G#sus4",3,[4,6,6,6,-1,-1]],
["G#sus4",4,[9,6,6,-1,-1,-1]],
["G#sus4",5,[9,6,6,6,-1,-1]],
["G#sus4",6,[9,6,6,8,-1,-1]],
["G#sus4",7,[9,11,11,8,-1,-1]],
["G#sus4",8,[11,11,11,8,-1,-1]],
["G#sus4",9,[9,11,13,-1,-1,-1]],
["G#sus4",10,[9,11,13,13,-1,-1]],
["G#sus4",11,[11,11,11,-1,-1,-1]],
["G#sus4",12,[11,11,11,13,-1,-1]],
["G#sus4",13,[16,16,13,-1,-1,-1]],
["G#sus4",14,[16,16,13,13,-1,-1]],
["G#sus4",15,[16,18,18,18,-1,-1]],
["G#dim",1,[4,2,0,1,-1,-1]],
["G#dim",2,[4,2,0,-1,-1,-1]],
["G#dim",3,[4,2,0,4,-1,-1]],
["G#dim",4,[4,5,6,4,-1,-1]],
["G#dim",5,[7,5,6,4,-1,-1]],
["G#dim",6,[7,5,6,-1,-1,-1]],
["G#dim",7,[7,5,6,7,-1,-1]],
["G#dim",8,[7,11,9,7,-1,-1]],
["G#dim",9,[10,11,9,7,-1,-1]],
["G#dim",10,[10,11,9,-1,-1,-1]],
["G#dim",11,[10,11,9,13,-1,-1]],
["G#dim",12,[10,14,12,13,-1,-1]],
["G#dim",13,[16,14,12,-1,-1,-1]],
["G#dim",14,[16,14,12,13,-1,-1]],
["G#dim",15,[16,14,12,16,-1,-1]],
["G#dim",16,[16,17,18,16,-1,-1]],
["G#aug",1,[0,3,2,1,-1,-1]],
["G#aug",2,[4,3,2,1,-1,-1]],
["G#aug",3,[4,3,2,-1,-1,-1]],
["G#aug",4,[4,3,2,5,-1,-1]],
["G#aug",5,[4,7,6,5,-1,-1]],
["G#aug",6,[8,7,6,5,-1,-1]],
["G#aug",7,[8,7,6,-1,-1,-1]],
["G#aug",8,[8,7,6,9,-1,-1]],
["G#aug",9,[8,11,10,9,-1,-1]],
["G#aug",10,[12,11,10,9,-1,-1]],
["G#aug",11,[12,11,10,-1,-1,-1]],
["G#aug",12,[12,11,10,13,-1,-1]],
["G#aug",13,[12,15,14,13,-1,-1]],
["G#aug",14,[16,15,14,13,-1,-1]],
["G#aug",15,[16,15,14,-1,-1,-1]],
["G#aug",16,[16,15,14,17,-1,-1]],
["G#m6",1,[1,2,1,1,-1,-1]],
["G#m6",2,[4,6,3,4,-1,-1]],
["G#m6",3,[7,8,6,8,-1,-1]],
["G#m6",4,[7,6,6,10,-1,-1]],
["G#m6",5,[11,11,9,10,-1,-1]],
["G#m6",6,[11,14,15,13,-1,-1]],
["G#m6",7,[13,14,13,13,-1,-1]],
["G#m6",8,[16,18,15,16,-1,-1]],
["G#6",1,[1,3,1,1,-1,-1]],
["G#6",2,[4,6,3,5,-1,-1]],
["G#6",3,[8,8,6,8,-1,-1]],
["G#6",4,[8,6,6,10,-1,-1]],
["G#6",5,[11,11,10,10,-1,-1]],
["G#6",6,[11,15,15,13,-1,-1]],
["G#6",7,[13,15,13,13,-1,-1]],
["G#6",8,[16,18,15,17,-1,-1]],
["G#7",1,[2,3,1,1,-1,-1]],
["G#7",2,[4,6,4,5,-1,-1]],
["G#7",3,[8,9,6,8,-1,-1]],
["G#7",4,[11,9,10,13,-1,-1]],
["G#7",5,[11,11,10,11,-1,-1]],
["G#7",6,[14,15,13,13,-1,-1]],
["G#7",7,[14,18,18,17,-1,-1]],
["G#7",8,[16,18,16,17,-1,-1]],
["G#M7",1,[4,3,1,0,-1,-1]],
["G#M7",2,[3,3,1,1,-1,-1]],
["G#M7",3,[3,6,6,5,-1,-1]],
["G#M7",4,[4,6,5,5,-1,-1]],
["G#M7",5,[8,10,6,8,-1,-1]],
["G#M7",6,[11,11,10,12,-1,-1]],
["G#M7",7,[11,10,10,13,-1,-1]],
["G#M7",8,[16,15,13,12,-1,-1]],
["G#M7",9,[15,15,13,13,-1,-1]],
["G#M7",10,[15,18,18,17,-1,-1]],
["G#M7",11,[16,18,17,17,-1,-1]],
["G#m7",1,[2,2,1,1,-1,-1]],
["G#m7",2,[4,6,4,4,-1,-1]],
["G#m7",3,[7,9,6,8,-1,-1]],
["G#m7",4,[11,11,9,11,-1,-1]],
["G#m7",5,[11,9,9,13,-1,-1]],
["G#m7",6,[14,14,13,13,-1,-1]],
["G#m7",7,[14,18,18,16,-1,-1]],
["G#m7",8,[16,18,16,16,-1,-1]],
["Asus2",1,[5,2,2,-1,-1,-1]],
["Asus2",2,[0,2,2,2,-1,-1]],
["Asus2",3,[5,2,2,2,-1,-1]],
["Asus2",4,[0,0,2,4,-1,-1]],
["Asus2",5,[5,2,2,4,-1,-1]],
["Asus2",6,[5,7,7,4,-1,-1]],
["Asus2",7,[7,7,7,4,-1,-1]],
["Asus2",8,[7,7,7,-1,-1,-1]],
["Asus2",9,[7,7,7,9,-1,-1]],
["Asus2",10,[12,12,9,-1,-1,-1]],
["Asus2",11,[12,12,9,9,-1,-1]],
["Asus2",12,[12,14,14,14,-1,-1]],
["Asus2",13,[12,12,14,16,-1,-1]],
["Asus2",14,[17,14,14,-1,-1,-1]],
["Asus2",15,[17,14,14,14,-1,-1]],
["Asus2",16,[17,14,14,16,-1,-1]],
["Am",1,[5,3,2,-1,-1,-1]],
["Am",2,[0,3,2,2,-1,-1]],
["Am",3,[5,3,2,2,-1,-1]],
["Am",4,[5,3,2,5,-1,-1]],
["Am",5,[5,7,7,5,-1,-1]],
["Am",6,[8,7,7,5,-1,-1]],
["Am",7,[8,7,7,-1,-1,-1]],
["Am",8,[8,7,7,9,-1,-1]],
["Am",9,[8,12,10,9,-1,-1]],
["Am",10,[12,12,10,9,-1,-1]],
["Am",11,[12,12,10,-1,-1,-1]],
["Am",12,[12,12,10,14,-1,-1]],
["Am",13,[12,15,14,14,-1,-1]],
["Am",14,[17,15,14,-1,-1,-1]],
["Am",15,[17,15,14,14,-1,-1]],
["Am",16,[17,15,14,17,-1,-1]],
["Am",1,[8,12,10,-1,-1,-1]],
["AM",1,[5,4,2,-1,-1,-1]],
["AM",2,[0,4,2,2,-1,-1]],
["AM",3,[5,4,2,2,-1,-1]],
["AM",4,[5,7,7,6,-1,-1]],
["AM",5,[9,7,7,6,-1,-1]],
["AM",6,[9,7,7,-1,-1,-1]],
["AM",7,[9,7,7,9,-1,-1]],
["AM",8,[9,12,11,9,-1,-1]],
["AM",9,[12,12,11,9,-1,-1]],
["AM",10,[12,12,11,-1,-1,-1]],
["AM",11,[12,12,11,14,-1,-1]],
["AM",12,[12,16,14,14,-1,-1]],
["AM",13,[17,16,14,-1,-1,-1]],
["AM",14,[17,16,14,14,-1,-1]],
["AM",15,[17,16,14,18,-1,-1]],
["AM",1,[5,4,7,-1,-1,-1]],
["AM",2,[5,4,7,6,-1,-1]],
["AM",3,[9,12,11,-1,-1,-1]],
["Asus4",1,[0,0,0,-1,-1,-1]],
["Asus4",2,[5,5,2,-1,-1,-1]],
["Asus4",3,[0,0,0,2,-1,-1]],
["Asus4",4,[5,5,2,2,-1,-1]],
["Asus4",5,[5,7,7,7,-1,-1]],
["Asus4",6,[10,7,7,-1,-1,-1]],
["Asus4",7,[10,7,7,7,-1,-1]],
["Asus4",8,[10,7,7,9,-1,-1]],
["Asus4",9,[10,12,12,9,-1,-1]],
["Asus4",10,[12,12,12,9,-1,-1]],
["Asus4",11,[10,12,14,-1,-1,-1]],
["Asus4",12,[10,12,14,14,-1,-1]],
["Asus4",13,[12,12,12,-1,-1,-1]],
["Asus4",14,[12,12,12,14,-1,-1]],
["Asus4",15,[17,17,14,-1,-1,-1]],
["Asus4",16,[17,17,14,14,-1,-1]],
["Adim",1,[5,6,7,5,-1,-1]],
["Adim",2,[8,6,7,5,-1,-1]],
["Adim",3,[8,6,7,-1,-1,-1]],
["Adim",4,[8,6,7,8,-1,-1]],
["Adim",5,[8,12,10,8,-1,-1]],
["Adim",6,[11,12,10,8,-1,-1]],
["Adim",7,[11,12,10,-1,-1,-1]],
["Adim",8,[11,12,10,14,-1,-1]],
["Adim",9,[11,15,13,14,-1,-1]],
["Adim",10,[17,15,13,-1,-1,-1]],
["Adim",11,[17,15,13,14,-1,-1]],
["Adim",12,[17,15,13,17,-1,-1]],
["Aaug",1,[1,4,3,2,-1,-1]],
["Aaug",2,[5,4,3,2,-1,-1]],
["Aaug",3,[5,4,3,-1,-1,-1]],
["Aaug",4,[5,4,3,6,-1,-1]],
["Aaug",5,[5,8,7,6,-1,-1]],
["Aaug",6,[9,8,7,6,-1,-1]],
["Aaug",7,[9,8,7,-1,-1,-1]],
["Aaug",8,[9,8,7,10,-1,-1]],
["Aaug",9,[9,12,11,10,-1,-1]],
["Aaug",10,[13,12,11,10,-1,-1]],
["Aaug",11,[13,12,11,-1,-1,-1]],
["Aaug",12,[13,12,11,14,-1,-1]],
["Aaug",13,[13,16,15,14,-1,-1]],
["Aaug",14,[17,16,15,14,-1,-1]],
["Aaug",15,[17,16,15,-1,-1,-1]],
["Aaug",16,[17,16,15,18,-1,-1]],
["Am6",1,[2,3,2,2,-1,-1]],
["Am6",2,[0,3,4,2,-1,-1]],
["Am6",3,[5,7,4,5,-1,-1]],
["Am6",4,[8,9,7,9,-1,-1]],
["Am6",5,[8,7,7,11,-1,-1]],
["Am6",6,[12,12,10,11,-1,-1]],
["Am6",7,[12,15,16,14,-1,-1]],
["Am6",8,[14,15,14,14,-1,-1]],
["A6",1,[2,4,2,2,-1,-1]],
["A6",2,[0,4,4,2,-1,-1]],
["A6",3,[5,7,4,6,-1,-1]],
["A6",4,[9,9,7,9,-1,-1]],
["A6",5,[9,7,7,11,-1,-1]],
["A6",6,[12,12,11,11,-1,-1]],
["A6",7,[12,16,16,14,-1,-1]],
["A6",8,[14,16,14,14,-1,-1]],
["A7",1,[3,4,2,2,-1,-1]],
["A7",2,[5,7,5,6,-1,-1]],
["A7",3,[9,10,7,9,-1,-1]],
["A7",4,[12,10,11,14,-1,-1]],
["A7",5,[12,12,11,12,-1,-1]],
["A7",6,[15,16,14,14,-1,-1]],
["AM7",1,[4,4,2,2,-1,-1]],
["AM7",2,[4,7,7,6,-1,-1]],
["AM7",3,[5,7,6,6,-1,-1]],
["AM7",4,[9,11,7,9,-1,-1]],
["AM7",5,[12,12,11,13,-1,-1]],
["AM7",6,[12,11,11,14,-1,-1]],
["AM7",7,[17,16,14,13,-1,-1]],
["AM7",8,[16,16,14,14,-1,-1]],
["Am7",1,[3,3,2,2,-1,-1]],
["Am7",2,[5,7,5,5,-1,-1]],
["Am7",3,[8,10,7,9,-1,-1]],
["Am7",4,[12,12,10,12,-1,-1]],
["Am7",5,[12,10,10,14,-1,-1]],
["Am7",6,[15,15,14,14,-1,-1]],
["A#sus2",1,[1,3,3,3,-1,-1]],
["A#sus2",2,[6,3,3,-1,-1,-1]],
["A#sus2",3,[6,3,3,3,-1,-1]],
["A#sus2",4,[6,3,3,5,-1,-1]],
["A#sus2",5,[6,8,8,5,-1,-1]],
["A#sus2",6,[8,8,8,5,-1,-1]],
["A#sus2",7,[6,8,10,-1,-1,-1]],
["A#sus2",8,[6,8,10,10,-1,-1]],
["A#sus2",9,[8,8,8,-1,-1,-1]],
["A#sus2",10,[8,8,8,10,-1,-1]],
["A#sus2",11,[13,13,10,-1,-1,-1]],
["A#sus2",12,[13,13,10,10,-1,-1]],
["A#sus2",13,[13,15,15,15,-1,-1]],
["A#sus2",14,[13,13,15,17,-1,-1]],
["A#sus2",15,[18,15,15,-1,-1,-1]],
["A#sus2",16,[18,15,15,15,-1,-1]],
["A#sus2",17,[18,15,15,17,-1,-1]],
["A#m",1,[1,4,3,3,-1,-1]],
["A#m",2,[6,4,3,-1,-1,-1]],
["A#m",3,[6,4,3,3,-1,-1]],
["A#m",4,[6,4,3,6,-1,-1]],
["A#m",5,[6,8,8,6,-1,-1]],
["A#m",6,[9,8,8,6,-1,-1]],
["A#m",7,[9,8,8,-1,-1,-1]],
["A#m",8,[9,8,8,10,-1,-1]],
["A#m",9,[9,13,11,10,-1,-1]],
["A#m",10,[13,13,11,10,-1,-1]],
["A#m",11,[13,13,11,-1,-1,-1]],
["A#m",12,[13,13,11,15,-1,-1]],
["A#m",13,[13,16,15,15,-1,-1]],
["A#m",14,[18,16,15,-1,-1,-1]],
["A#m",15,[18,16,15,15,-1,-1]],
["A#m",16,[18,16,15,18,-1,-1]],
["A#m",1,[9,13,11,-1,-1,-1]],
["A#M",1,[1,1,0,-1,-1,-1]],
["A#M",2,[1,1,0,3,-1,-1]],
["A#M",3,[6,5,3,-1,-1,-1]],
["A#M",4,[6,5,3,3,-1,-1]],
["A#M",5,[6,8,8,7,-1,-1]],
["A#M",6,[10,8,8,7,-1,-1]],
["A#M",7,[10,8,8,-1,-1,-1]],
["A#M",8,[10,8,8,10,-1,-1]],
["A#M",9,[10,13,12,10,-1,-1]],
["A#M",10,[13,13,12,10,-1,-1]],
["A#M",11,[13,13,12,-1,-1,-1]],
["A#M",12,[13,13,12,15,-1,-1]],
["A#M",13,[13,17,15,15,-1,-1]],
["A#M",14,[18,17,15,-1,-1,-1]],
["A#M",15,[18,17,15,15,-1,-1]],
["A#M",1,[6,5,8,-1,-1,-1]],
["A#M",2,[6,5,8,7,-1,-1]],
["A#M",3,[10,13,12,-1,-1,-1]],
["A#sus4",1,[1,1,1,-1,-1,-1]],
["A#sus4",2,[1,1,1,3,-1,-1]],
["A#sus4",3,[6,6,3,-1,-1,-1]],
["A#sus4",4,[6,6,3,3,-1,-1]],
["A#sus4",5,[6,8,8,8,-1,-1]],
["A#sus4",6,[6,6,8,10,-1,-1]],
["A#sus4",7,[11,8,8,-1,-1,-1]],
["A#sus4",8,[11,8,8,8,-1,-1]],
["A#sus4",9,[11,8,8,10,-1,-1]],
["A#sus4",10,[11,13,13,10,-1,-1]],
["A#sus4",11,[13,13,13,10,-1,-1]],
["A#sus4",12,[11,13,15,-1,-1,-1]],
["A#sus4",13,[11,13,15,15,-1,-1]],
["A#sus4",14,[13,13,13,-1,-1,-1]],
["A#sus4",15,[13,13,13,15,-1,-1]],
["A#sus4",16,[18,18,15,-1,-1,-1]],
["A#sus4",17,[18,18,15,15,-1,-1]],
["A#dim",1,[0,4,2,3,-1,-1]],
["A#dim",2,[6,7,8,6,-1,-1]],
["A#dim",3,[9,7,8,6,-1,-1]],
["A#dim",4,[9,7,8,-1,-1,-1]],
["A#dim",5,[9,7,8,9,-1,-1]],
["A#dim",6,[9,13,11,9,-1,-1]],
["A#dim",7,[12,13,11,9,-1,-1]],
["A#dim",8,[12,13,11,-1,-1,-1]],
["A#dim",9,[12,13,11,15,-1,-1]],
["A#dim",10,[12,16,14,15,-1,-1]],
["A#dim",11,[18,16,14,-1,-1,-1]],
["A#dim",12,[18,16,14,15,-1,-1]],
["A#dim",13,[18,16,14,18,-1,-1]],
["A#aug",1,[2,1,0,-1,-1,-1]],
["A#aug",2,[2,1,0,3,-1,-1]],
["A#aug",3,[2,5,4,3,-1,-1]],
["A#aug",4,[6,5,4,3,-1,-1]],
["A#aug",5,[6,5,4,-1,-1,-1]],
["A#aug",6,[6,5,4,7,-1,-1]],
["A#aug",7,[6,9,8,7,-1,-1]],
["A#aug",8,[10,9,8,7,-1,-1]],
["A#aug",9,[10,9,8,-1,-1,-1]],
["A#aug",10,[10,9,8,11,-1,-1]],
["A#aug",11,[10,13,12,11,-1,-1]],
["A#aug",12,[14,13,12,11,-1,-1]],
["A#aug",13,[14,13,12,-1,-1,-1]],
["A#aug",14,[14,13,12,15,-1,-1]],
["A#aug",15,[14,17,16,15,-1,-1]],
["A#aug",16,[18,17,16,15,-1,-1]],
["A#aug",17,[18,17,16,-1,-1,-1]],
["A#m6",1,[3,4,3,3,-1,-1]],
["A#m6",2,[6,8,5,6,-1,-1]],
["A#m6",3,[9,10,8,10,-1,-1]],
["A#m6",4,[9,8,8,12,-1,-1]],
["A#m6",5,[13,13,11,12,-1,-1]],
["A#m6",6,[13,16,17,15,-1,-1]],
["A#m6",7,[15,16,15,15,-1,-1]],
["A#6",1,[1,1,0,0,-1,-1]],
["A#6",2,[3,5,3,3,-1,-1]],
["A#6",3,[6,8,5,7,-1,-1]],
["A#6",4,[10,10,8,10,-1,-1]],
["A#6",5,[10,8,8,12,-1,-1]],
["A#6",6,[13,13,12,12,-1,-1]],
["A#6",7,[13,17,17,15,-1,-1]],
["A#6",8,[15,17,15,15,-1,-1]],
["A#7",1,[1,1,0,1,-1,-1]],
["A#7",2,[4,5,3,3,-1,-1]],
["A#7",3,[6,8,6,7,-1,-1]],
["A#7",4,[10,11,8,10,-1,-1]],
["A#7",5,[13,11,12,15,-1,-1]],
["A#7",6,[13,13,12,13,-1,-1]],
["A#7",7,[16,17,15,15,-1,-1]],
["A#M7",1,[1,1,0,2,-1,-1]],
["A#M7",2,[1,0,0,3,-1,-1]],
["A#M7",3,[5,5,3,3,-1,-1]],
["A#M7",4,[5,8,8,7,-1,-1]],
["A#M7",5,[6,8,7,7,-1,-1]],
["A#M7",6,[10,12,8,10,-1,-1]],
["A#M7",7,[13,13,12,14,-1,-1]],
["A#M7",8,[13,12,12,15,-1,-1]],
["A#M7",9,[18,17,15,14,-1,-1]],
["A#M7",10,[17,17,15,15,-1,-1]],
["A#m7",1,[4,4,3,3,-1,-1]],
["A#m7",2,[6,8,6,6,-1,-1]],
["A#m7",3,[9,11,8,10,-1,-1]],
["A#m7",4,[13,13,11,13,-1,-1]],
["A#m7",5,[13,11,11,15,-1,-1]],
["A#m7",6,[16,16,15,15,-1,-1]],
["Bsus2",1,[2,4,4,4,-1,-1]],
["Bsus2",2,[7,4,4,-1,-1,-1]],
["Bsus2",3,[7,4,4,4,-1,-1]],
["Bsus2",4,[7,4,4,6,-1,-1]],
["Bsus2",5,[7,9,9,6,-1,-1]],
["Bsus2",6,[9,9,9,6,-1,-1]],
["Bsus2",7,[7,9,11,-1,-1,-1]],
["Bsus2",8,[7,9,11,11,-1,-1]],
["Bsus2",9,[9,9,9,-1,-1,-1]],
["Bsus2",10,[9,9,9,11,-1,-1]],
["Bsus2",11,[14,14,11,-1,-1,-1]],
["Bsus2",12,[14,14,11,11,-1,-1]],
["Bsus2",13,[14,16,16,16,-1,-1]],
["Bsus2",14,[14,14,16,18,-1,-1]],
["Bm",1,[2,2,0,-1,-1,-1]],
["Bm",2,[2,2,0,4,-1,-1]],
["Bm",3,[2,5,4,4,-1,-1]],
["Bm",4,[7,5,4,-1,-1,-1]],
["Bm",5,[7,5,4,4,-1,-1]],
["Bm",6,[7,5,4,7,-1,-1]],
["Bm",7,[7,9,9,7,-1,-1]],
["Bm",8,[10,9,9,7,-1,-1]],
["Bm",9,[10,9,9,-1,-1,-1]],
["Bm",10,[10,9,9,11,-1,-1]],
["Bm",11,[10,14,12,11,-1,-1]],
["Bm",12,[14,14,12,11,-1,-1]],
["Bm",13,[14,14,12,-1,-1,-1]],
["Bm",14,[14,14,12,16,-1,-1]],
["Bm",15,[14,17,16,16,-1,-1]],
["Bm",1,[10,14,12,-1,-1,-1]],
["BM",1,[2,2,1,-1,-1,-1]],
["BM",2,[2,2,1,4,-1,-1]],
["BM",3,[7,6,4,-1,-1,-1]],
["BM",4,[7,6,4,4,-1,-1]],
["BM",5,[7,9,9,8,-1,-1]],
["BM",6,[11,9,9,8,-1,-1]],
["BM",7,[11,9,9,-1,-1,-1]],
["BM",8,[11,9,9,11,-1,-1]],
["BM",9,[11,14,13,11,-1,-1]],
["BM",10,[14,14,13,11,-1,-1]],
["BM",11,[14,14,13,-1,-1,-1]],
["BM",12,[14,14,13,16,-1,-1]],
["BM",13,[14,18,16,16,-1,-1]],
["BM",1,[7,6,9,-1,-1,-1]],
["BM",2,[7,6,9,8,-1,-1]],
["BM",3,[11,14,13,-1,-1,-1]],
["Bsus4",1,[2,2,2,-1,-1,-1]],
["Bsus4",2,[0,2,4,-1,-1,-1]],
["Bsus4",3,[2,2,2,4,-1,-1]],
["Bsus4",4,[0,2,4,4,-1,-1]],
["Bsus4",5,[7,7,4,-1,-1,-1]],
["Bsus4",6,[7,7,4,4,-1,-1]],
["Bsus4",7,[7,9,9,9,-1,-1]],
["Bsus4",8,[7,7,9,11,-1,-1]],
["Bsus4",9,[12,9,9,-1,-1,-1]],
["Bsus4",10,[12,9,9,9,-1,-1]],
["Bsus4",11,[12,9,9,11,-1,-1]],
["Bsus4",12,[12,14,14,11,-1,-1]],
["Bsus4",13,[14,14,14,11,-1,-1]],
["Bsus4",14,[12,14,16,-1,-1,-1]],
["Bsus4",15,[12,14,16,16,-1,-1]],
["Bsus4",16,[14,14,14,-1,-1,-1]],
["Bsus4",17,[14,14,14,16,-1,-1]],
["Bdim",1,[1,2,0,-1,-1,-1]],
["Bdim",2,[1,2,0,4,-1,-1]],
["Bdim",3,[7,8,9,7,-1,-1]],
["Bdim",4,[10,8,9,7,-1,-1]],
["Bdim",5,[10,8,9,-1,-1,-1]],
["Bdim",6,[10,8,9,10,-1,-1]],
["Bdim",7,[10,14,12,10,-1,-1]],
["Bdim",8,[13,14,12,10,-1,-1]],
["Bdim",9,[13,14,12,-1,-1,-1]],
["Bdim",10,[13,14,12,16,-1,-1]],
["Bdim",11,[13,17,15,16,-1,-1]],
["Baug",1,[3,2,1,-1,-1,-1]],
["Baug",2,[3,2,1,0,-1,-1]],
["Baug",3,[3,2,1,4,-1,-1]],
["Baug",4,[3,6,5,4,-1,-1]],
["Baug",5,[7,6,5,4,-1,-1]],
["Baug",6,[7,6,5,-1,-1,-1]],
["Baug",7,[7,6,5,8,-1,-1]],
["Baug",8,[7,10,9,8,-1,-1]],
["Baug",9,[11,10,9,8,-1,-1]],
["Baug",10,[11,10,9,-1,-1,-1]],
["Baug",11,[11,10,9,12,-1,-1]],
["Baug",12,[11,14,13,12,-1,-1]],
["Baug",13,[15,14,13,12,-1,-1]],
["Baug",14,[15,14,13,-1,-1,-1]],
["Baug",15,[15,14,13,16,-1,-1]],
["Baug",16,[15,18,17,16,-1,-1]],
["Bm6",1,[2,2,0,1,-1,-1]],
["Bm6",2,[4,5,4,4,-1,-1]],
["Bm6",3,[7,9,6,7,-1,-1]],
["Bm6",4,[10,11,9,11,-1,-1]],
["Bm6",5,[10,9,9,13,-1,-1]],
["Bm6",6,[14,14,12,13,-1,-1]],
["Bm6",7,[14,17,18,16,-1,-1]],
["Bm6",8,[16,17,16,16,-1,-1]],
["B6",1,[2,2,1,1,-1,-1]],
["B6",2,[4,6,4,4,-1,-1]],
["B6",3,[7,9,6,8,-1,-1]],
["B6",4,[11,11,9,11,-1,-1]],
["B6",5,[11,9,9,13,-1,-1]],
["B6",6,[14,14,13,13,-1,-1]],
["B6",7,[14,18,18,16,-1,-1]],
["B6",8,[16,18,16,16,-1,-1]],
["B7",1,[2,2,1,2,-1,-1]],
["B7",2,[2,0,1,4,-1,-1]],
["B7",3,[5,6,4,4,-1,-1]],
["B7",4,[7,9,7,8,-1,-1]],
["B7",5,[11,12,9,11,-1,-1]],
["B7",6,[14,12,13,16,-1,-1]],
["B7",7,[14,14,13,14,-1,-1]],
["B7",8,[17,18,16,16,-1,-1]],
["BM7",1,[2,2,1,3,-1,-1]],
["BM7",2,[2,1,1,4,-1,-1]],
["BM7",3,[6,6,4,4,-1,-1]],
["BM7",4,[6,9,9,8,-1,-1]],
["BM7",5,[7,9,8,8,-1,-1]],
["BM7",6,[11,13,9,11,-1,-1]],
["BM7",7,[14,14,13,15,-1,-1]],
["BM7",8,[14,13,13,16,-1,-1]],
["BM7",9,[18,18,16,16,-1,-1]],
["Bm7",1,[2,2,0,2,-1,-1]],
["Bm7",2,[2,0,0,4,-1,-1]],
["Bm7",3,[5,5,4,4,-1,-1]],
["Bm7",4,[7,9,7,7,-1,-1]],
["Bm7",5,[10,12,9,11,-1,-1]],
["Bm7",6,[14,14,12,14,-1,-1]],
["Bm7",7,[14,12,12,16,-1,-1]],
["Bm7",8,[17,17,16,16,-1,-1]],
