["CM13",1,[-1,3,-1,5,-1,-1]],
["CM13",2,[8,-1,-1,5,-1,-1]],
["CM13",3,[8,-1,10,-1,-1,-1]],
["CM13",4,[-1,15,-1,17,-1,-1]],
["C#M13",1,[-1,4,-1,6,-1,-1]],
["C#M13",2,[9,-1,-1,6,-1,-1]],
["C#M13",3,[9,-1,11,-1,-1,-1]],
["C#M13",4,[-1,16,-1,18,-1,-1]],
["DM13",1,[-1,5,-1,7,-1,-1]],
["DM13",2,[10,-1,-1,7,-1,-1]],
["DM13",3,[10,-1,12,-1,-1,-1]],
["D#M13",1,[-1,6,-1,8,-1,-1]],
["D#M13",2,[11,-1,-1,8,-1,-1]],
["D#M13",3,[11,-1,13,-1,-1,-1]],
["EM13",1,[0,-1,2,-1,-1,-1]],
["EM13",2,[-1,7,-1,9,-1,-1]],
["EM13",3,[12,-1,-1,9,-1,-1]],
["EM13",4,[12,-1,14,-1,-1,-1]],
["FM13",1,[1,-1,3,-1,-1,-1]],
["FM13",2,[-1,8,-1,10,-1,-1]],
["FM13",3,[13,-1,-1,10,-1,-1]],
["FM13",4,[13,-1,15,-1,-1,-1]],
["F#M13",1,[2,-1,4,-1,-1,-1]],
["F#M13",2,[-1,9,-1,11,-1,-1]],
["F#M13",3,[14,-1,-1,11,-1,-1]],
["F#M13",4,[14,-1,16,-1,-1,-1]],
["GM13",1,[3,-1,-1,0,-1,-1]],
["GM13",2,[3,-1,5,-1,-1,-1]],
["GM13",3,[-1,10,-1,12,-1,-1]],
["GM13",4,[15,-1,-1,12,-1,-1]],
["GM13",5,[15,-1,17,-1,-1,-1]],
["G#M13",1,[4,-1,-1,1,-1,-1]],
["G#M13",2,[4,-1,6,-1,-1,-1]],
["G#M13",3,[-1,11,-1,13,-1,-1]],
["G#M13",4,[16,-1,-1,13,-1,-1]],
["G#M13",5,[16,-1,18,-1,-1,-1]],
["AM13",1,[-1,0,-1,2,-1,-1]],
["AM13",2,[5,-1,-1,2,-1,-1]],
["AM13",3,[5,-1,7,-1,-1,-1]],
["AM13",4,[-1,12,-1,14,-1,-1]],
["AM13",5,[17,-1,-1,14,-1,-1]],
["A#M13",1,[-1,1,-1,3,-1,-1]],
["A#M13",2,[6,-1,-1,3,-1,-1]],
["A#M13",3,[6,-1,8,-1,-1,-1]],
["A#M13",4,[-1,13,-1,15,-1,-1]],
["A#M13",5,[18,-1,-1,15,-1,-1]],
["BM13",1,[-1,2,-1,4,-1,-1]],
["BM13",2,[7,-1,-1,4,-1,-1]],
["BM13",3,[7,-1,9,-1,-1,-1]],
["BM13",4,[-1,14,-1,16,-1,-1]],
