["C5-",1,[-1,-1,4,-1,1,-1]],
["C5-",2,[-1,-1,-1,-1,1,2]],
["C5-",3,[2,-1,-1,5,-1,-1]],
["C5-",4,[-1,-1,-1,5,-1,2]],
["C5-",5,[2,3,4,-1,-1,-1]],
["C5-",6,[2,3,4,5,-1,-1]],
["C5-",7,[-1,3,4,-1,-1,-1]],
["C5-",8,[-1,-1,4,5,-1,-1]],
["C5-",9,[-1,-1,-1,5,7,-1]],
["C5-",10,[-1,-1,-1,5,7,8]],
["C5-",11,[-1,-1,10,-1,7,-1]],
["C5-",12,[-1,-1,-1,-1,7,8]],
["C5-",13,[-1,-1,-1,11,7,8]],
["C5-",14,[-1,-1,10,11,7,8]],
["C5-",15,[8,-1,-1,11,-1,-1]],
["C5-",16,[-1,-1,-1,11,-1,8]],
["C5-",17,[8,9,10,-1,-1,-1]],
["C5-",18,[8,9,10,11,-1,-1]],
["C5-",19,[-1,9,10,-1,-1,-1]],
["C5-",20,[-1,9,-1,-1,13,-1]],
["C5-",21,[14,-1,10,-1,-1,-1]],
["C5-",22,[-1,-1,10,11,-1,-1]],
["C5-",23,[-1,-1,10,-1,-1,14]],
["C5-",24,[-1,-1,10,11,13,14]],
["C5-",25,[-1,15,-1,11,-1,-1]],
["C5-",26,[-1,-1,-1,11,13,-1]],
["C5-",27,[-1,-1,-1,11,13,14]],
["C5-",28,[-1,-1,16,-1,13,-1]],
["C5-",29,[-1,-1,-1,-1,13,14]],
["C5-",30,[-1,-1,-1,17,13,14]],
["C5-",31,[-1,-1,16,17,13,14]],
["C5-",32,[14,-1,-1,17,-1,-1]],
["C5-",33,[-1,-1,-1,17,-1,14]],
["C5-",34,[14,15,16,-1,-1,-1]],
["C5-",35,[14,15,16,17,-1,-1]],
["C5-",36,[-1,15,16,-1,-1,-1]],
["C5-",37,[-1,-1,16,17,-1,-1]],
["C5",1,[-1,-1,-1,0,1,-1]],
["C5",2,[-1,-1,-1,-1,1,3]],
["C5",3,[-1,-1,-1,0,1,3]],
["C5",4,[-1,3,-1,0,-1,-1]],
["C5",5,[-1,3,5,-1,-1,-1]],
["C5",6,[3,-1,-1,5,-1,-1]],
["C5",7,[-1,-1,-1,5,-1,3]],
["C5",8,[3,3,5,-1,-1,-1]],
["C5",9,[3,3,5,5,-1,-1]],
["C5",10,[8,-1,5,-1,-1,-1]],
["C5",11,[-1,-1,5,5,-1,-1]],
["C5",12,[-1,-1,-1,5,8,-1]],
["C5",13,[-1,-1,5,-1,-1,8]],
["C5",14,[-1,-1,-1,5,8,8]],
["C5",15,[-1,-1,5,5,8,8]],
["C5",16,[8,-1,-1,12,-1,-1]],
["C5",17,[-1,-1,10,-1,8,-1]],
["C5",18,[-1,-1,-1,12,-1,8]],
["C5",19,[-1,-1,-1,-1,8,8]],
["C5",20,[8,10,10,-1,-1,-1]],
["C5",21,[-1,-1,-1,12,8,8]],
["C5",22,[8,10,10,12,-1,-1]],
["C5",23,[-1,-1,10,12,8,8]],
["C5",24,[8,10,10,12,8,-1]],
["C5",25,[8,10,10,12,8,8]],
["C5",26,[-1,10,10,-1,-1,-1]],
["C5",27,[-1,-1,10,12,-1,-1]],
["C5",28,[-1,10,-1,-1,13,-1]],
["C5",29,[-1,15,-1,12,-1,-1]],
["C5",30,[-1,-1,-1,12,13,-1]],
["C5",31,[-1,-1,-1,12,13,15]],
["C5",32,[-1,-1,17,-1,13,-1]],
["C5",33,[-1,-1,-1,-1,13,15]],
["C5",34,[-1,-1,-1,17,13,15]],
["C5",35,[-1,-1,17,17,13,15]],
["C5",36,[-1,15,17,-1,-1,-1]],
["C5",37,[15,-1,-1,17,-1,-1]],
["C5",38,[-1,-1,-1,17,-1,15]],
["C5",39,[15,15,17,-1,-1,-1]],
["C5",40,[15,15,17,17,-1,-1]],
["C5",41,[-1,-1,17,17,-1,-1]],
["C#5-",1,[-1,-1,-1,0,2,-1]],
["C#5-",2,[-1,-1,5,-1,2,-1]],
["C#5-",3,[-1,-1,-1,-1,2,3]],
["C#5-",4,[-1,-1,-1,0,2,3]],
["C#5-",5,[3,-1,-1,6,-1,-1]],
["C#5-",6,[-1,-1,-1,6,-1,3]],
["C#5-",7,[3,4,5,-1,-1,-1]],
["C#5-",8,[3,4,5,6,-1,-1]],
["C#5-",9,[-1,4,-1,0,-1,-1]],
["C#5-",10,[-1,4,5,-1,-1,-1]],
["C#5-",11,[-1,-1,5,6,-1,-1]],
["C#5-",12,[-1,10,-1,6,-1,-1]],
["C#5-",13,[-1,-1,-1,6,8,-1]],
["C#5-",14,[-1,-1,-1,6,8,9]],
["C#5-",15,[-1,-1,11,-1,8,-1]],
["C#5-",16,[-1,-1,-1,-1,8,9]],
["C#5-",17,[-1,-1,-1,12,8,9]],
["C#5-",18,[-1,-1,11,12,8,9]],
["C#5-",19,[9,-1,-1,12,-1,-1]],
["C#5-",20,[-1,-1,-1,12,-1,9]],
["C#5-",21,[9,10,11,-1,-1,-1]],
["C#5-",22,[9,10,11,12,-1,-1]],
["C#5-",23,[-1,10,11,-1,-1,-1]],
["C#5-",24,[-1,10,-1,-1,14,-1]],
["C#5-",25,[15,-1,11,-1,-1,-1]],
["C#5-",26,[-1,-1,11,12,-1,-1]],
["C#5-",27,[-1,-1,11,-1,-1,15]],
["C#5-",28,[-1,-1,11,12,14,15]],
["C#5-",29,[-1,16,-1,12,-1,-1]],
["C#5-",30,[-1,-1,-1,12,14,-1]],
["C#5-",31,[-1,-1,-1,12,14,15]],
["C#5-",32,[-1,-1,17,-1,14,-1]],
["C#5-",33,[-1,-1,-1,-1,14,15]],
["C#5-",34,[-1,-1,-1,18,14,15]],
["C#5-",35,[-1,-1,17,18,14,15]],
["C#5-",36,[15,-1,-1,18,-1,-1]],
["C#5-",37,[-1,-1,-1,18,-1,15]],
["C#5-",38,[15,16,17,-1,-1,-1]],
["C#5-",39,[15,16,17,18,-1,-1]],
["C#5-",40,[-1,16,17,-1,-1,-1]],
["C#5-",41,[-1,-1,17,18,-1,-1]],
["C#5",1,[-1,4,-1,1,-1,-1]],
["C#5",2,[-1,-1,-1,1,2,-1]],
["C#5",3,[-1,-1,-1,1,2,4]],
["C#5",4,[-1,-1,-1,-1,2,4]],
["C#5",5,[-1,4,6,-1,-1,-1]],
["C#5",6,[4,-1,-1,6,-1,-1]],
["C#5",7,[-1,-1,-1,6,-1,4]],
["C#5",8,[4,4,6,-1,-1,-1]],
["C#5",9,[4,4,6,6,-1,-1]],
["C#5",10,[9,-1,6,-1,-1,-1]],
["C#5",11,[-1,-1,6,6,-1,-1]],
["C#5",12,[-1,-1,-1,6,9,-1]],
["C#5",13,[-1,-1,6,-1,-1,9]],
["C#5",14,[-1,-1,-1,6,9,9]],
["C#5",15,[-1,-1,6,6,9,9]],
["C#5",16,[9,-1,-1,13,-1,-1]],
["C#5",17,[-1,-1,11,-1,9,-1]],
["C#5",18,[-1,-1,-1,13,-1,9]],
["C#5",19,[-1,-1,-1,-1,9,9]],
["C#5",20,[9,11,11,-1,-1,-1]],
["C#5",21,[-1,-1,-1,13,9,9]],
["C#5",22,[9,11,11,13,-1,-1]],
["C#5",23,[-1,-1,11,13,9,9]],
["C#5",24,[9,11,11,13,9,-1]],
["C#5",25,[9,11,11,13,9,9]],
["C#5",26,[-1,11,11,-1,-1,-1]],
["C#5",27,[-1,-1,11,13,-1,-1]],
["C#5",28,[-1,11,-1,-1,14,-1]],
["C#5",29,[-1,16,-1,13,-1,-1]],
["C#5",30,[-1,-1,-1,13,14,-1]],
["C#5",31,[-1,-1,-1,13,14,16]],
["C#5",32,[-1,-1,18,-1,14,-1]],
["C#5",33,[-1,-1,-1,-1,14,16]],
["C#5",34,[-1,-1,-1,18,14,16]],
["C#5",35,[-1,-1,18,18,14,16]],
["C#5",36,[-1,16,18,-1,-1,-1]],
["C#5",37,[16,-1,-1,18,-1,-1]],
["C#5",38,[-1,-1,-1,18,-1,16]],
["C#5",39,[16,16,18,-1,-1,-1]],
["C#5",40,[16,16,18,18,-1,-1]],
["C#5",41,[-1,-1,18,18,-1,-1]],
["D5-",1,[-1,-1,0,1,-1,-1]],
["D5-",2,[-1,-1,-1,1,3,-1]],
["D5-",3,[-1,-1,-1,1,3,4]],
["D5-",4,[-1,-1,0,1,3,4]],
["D5-",5,[-1,-1,6,-1,3,-1]],
["D5-",6,[-1,-1,-1,-1,3,4]],
["D5-",7,[4,-1,0,-1,-1,-1]],
["D5-",8,[4,-1,-1,7,-1,-1]],
["D5-",9,[-1,-1,0,-1,-1,4]],
["D5-",10,[-1,-1,-1,7,-1,4]],
["D5-",11,[4,5,6,-1,-1,-1]],
["D5-",12,[4,5,6,7,-1,-1]],
["D5-",13,[-1,5,6,-1,-1,-1]],
["D5-",14,[10,-1,6,-1,-1,-1]],
["D5-",15,[-1,-1,6,7,-1,-1]],
["D5-",16,[-1,-1,6,-1,-1,10]],
["D5-",17,[-1,-1,6,7,9,10]],
["D5-",18,[-1,11,-1,7,-1,-1]],
["D5-",19,[-1,-1,-1,7,9,-1]],
["D5-",20,[-1,-1,-1,7,9,10]],
["D5-",21,[-1,-1,12,-1,9,-1]],
["D5-",22,[-1,-1,-1,-1,9,10]],
["D5-",23,[-1,-1,-1,13,9,10]],
["D5-",24,[-1,-1,12,13,9,10]],
["D5-",25,[10,-1,-1,13,-1,-1]],
["D5-",26,[-1,-1,-1,13,-1,10]],
["D5-",27,[10,11,12,-1,-1,-1]],
["D5-",28,[10,11,12,13,-1,-1]],
["D5-",29,[-1,11,12,-1,-1,-1]],
["D5-",30,[-1,11,-1,-1,15,-1]],
["D5-",31,[16,-1,12,-1,-1,-1]],
["D5-",32,[-1,-1,12,13,-1,-1]],
["D5-",33,[-1,-1,12,-1,-1,16]],
["D5-",34,[-1,-1,12,13,15,16]],
["D5-",35,[-1,17,-1,13,-1,-1]],
["D5-",36,[-1,-1,-1,13,15,-1]],
["D5-",37,[-1,-1,-1,13,15,16]],
["D5-",38,[-1,-1,18,-1,15,-1]],
["D5-",39,[-1,-1,-1,-1,15,16]],
["D5-",40,[16,17,18,-1,-1,-1]],
["D5-",41,[-1,17,18,-1,-1,-1]],
["D5",1,[-1,0,0,-1,-1,-1]],
["D5",2,[-1,-1,0,2,-1,-1]],
["D5",3,[-1,5,-1,2,-1,-1]],
["D5",4,[-1,-1,-1,2,3,-1]],
["D5",5,[-1,-1,-1,2,3,5]],
["D5",6,[-1,0,-1,-1,3,-1]],
["D5",7,[-1,-1,-1,-1,3,5]],
["D5",8,[-1,5,7,-1,-1,-1]],
["D5",9,[5,-1,-1,7,-1,-1]],
["D5",10,[-1,-1,-1,7,-1,5]],
["D5",11,[5,5,7,-1,-1,-1]],
["D5",12,[5,5,7,7,-1,-1]],
["D5",13,[10,-1,7,-1,-1,-1]],
["D5",14,[-1,-1,7,7,-1,-1]],
["D5",15,[-1,-1,-1,7,10,-1]],
["D5",16,[-1,-1,7,-1,-1,10]],
["D5",17,[-1,-1,-1,7,10,10]],
["D5",18,[-1,-1,7,7,10,10]],
["D5",19,[10,-1,-1,14,-1,-1]],
["D5",20,[-1,-1,12,-1,10,-1]],
["D5",21,[-1,-1,-1,14,-1,10]],
["D5",22,[-1,-1,-1,-1,10,10]],
["D5",23,[10,12,12,-1,-1,-1]],
["D5",24,[-1,-1,-1,14,10,10]],
["D5",25,[10,12,12,14,-1,-1]],
["D5",26,[-1,-1,12,14,10,10]],
["D5",27,[10,12,12,14,10,-1]],
["D5",28,[10,12,12,14,10,10]],
["D5",29,[-1,12,12,-1,-1,-1]],
["D5",30,[-1,-1,12,14,-1,-1]],
["D5",31,[-1,12,-1,-1,15,-1]],
["D5",32,[-1,17,-1,14,-1,-1]],
["D5",33,[-1,-1,-1,14,15,-1]],
["D5",34,[-1,-1,-1,14,15,17]],
["D5",35,[-1,-1,-1,-1,15,17]],
["D#5-",1,[-1,0,1,-1,-1,-1]],
["D#5-",2,[-1,-1,1,2,-1,-1]],
["D#5-",3,[-1,-1,-1,2,4,-1]],
["D#5-",4,[-1,-1,-1,2,4,5]],
["D#5-",5,[-1,0,-1,-1,4,-1]],
["D#5-",6,[-1,-1,7,-1,4,-1]],
["D#5-",7,[-1,-1,-1,-1,4,5]],
["D#5-",8,[5,-1,-1,8,-1,-1]],
["D#5-",9,[-1,-1,-1,8,-1,5]],
["D#5-",10,[5,6,7,-1,-1,-1]],
["D#5-",11,[5,6,7,8,-1,-1]],
["D#5-",12,[-1,6,7,-1,-1,-1]],
["D#5-",13,[-1,6,-1,-1,10,-1]],
["D#5-",14,[11,-1,7,-1,-1,-1]],
["D#5-",15,[-1,-1,7,8,-1,-1]],
["D#5-",16,[-1,-1,7,-1,-1,11]],
["D#5-",17,[-1,-1,7,8,10,11]],
["D#5-",18,[-1,12,-1,8,-1,-1]],
["D#5-",19,[-1,-1,-1,8,10,-1]],
["D#5-",20,[-1,-1,-1,8,10,11]],
["D#5-",21,[-1,-1,13,-1,10,-1]],
["D#5-",22,[-1,-1,-1,-1,10,11]],
["D#5-",23,[-1,-1,-1,14,10,11]],
["D#5-",24,[-1,-1,13,14,10,11]],
["D#5-",25,[11,-1,-1,14,-1,-1]],
["D#5-",26,[-1,-1,-1,14,-1,11]],
["D#5-",27,[11,12,13,-1,-1,-1]],
["D#5-",28,[11,12,13,14,-1,-1]],
["D#5-",29,[-1,12,13,-1,-1,-1]],
["D#5-",30,[-1,12,-1,-1,16,-1]],
["D#5-",31,[17,-1,13,-1,-1,-1]],
["D#5-",32,[-1,-1,13,14,-1,-1]],
["D#5-",33,[-1,-1,13,-1,-1,17]],
["D#5-",34,[-1,-1,13,14,16,17]],
["D#5-",35,[-1,18,-1,14,-1,-1]],
["D#5-",36,[-1,-1,-1,14,16,-1]],
["D#5-",37,[-1,-1,-1,14,16,17]],
["D#5-",38,[-1,-1,-1,-1,16,17]],
["D#5",1,[-1,1,1,-1,-1,-1]],
["D#5",2,[-1,-1,1,3,-1,-1]],
["D#5",3,[-1,1,-1,-1,4,-1]],
["D#5",4,[-1,6,-1,3,-1,-1]],
["D#5",5,[-1,-1,-1,3,4,-1]],
["D#5",6,[-1,-1,-1,3,4,6]],
["D#5",7,[-1,-1,-1,-1,4,6]],
["D#5",8,[-1,6,8,-1,-1,-1]],
["D#5",9,[6,-1,-1,8,-1,-1]],
["D#5",10,[-1,-1,-1,8,-1,6]],
["D#5",11,[6,6,8,-1,-1,-1]],
["D#5",12,[6,6,8,8,-1,-1]],
["D#5",13,[11,-1,8,-1,-1,-1]],
["D#5",14,[-1,-1,8,8,-1,-1]],
["D#5",15,[-1,-1,-1,8,11,-1]],
["D#5",16,[-1,-1,8,-1,-1,11]],
["D#5",17,[-1,-1,-1,8,11,11]],
["D#5",18,[-1,-1,8,8,11,11]],
["D#5",19,[11,-1,-1,15,-1,-1]],
["D#5",20,[-1,-1,13,-1,11,-1]],
["D#5",21,[-1,-1,-1,15,-1,11]],
["D#5",22,[-1,-1,-1,-1,11,11]],
["D#5",23,[11,13,13,-1,-1,-1]],
["D#5",24,[-1,-1,-1,15,11,11]],
["D#5",25,[11,13,13,15,-1,-1]],
["D#5",26,[-1,-1,13,15,11,11]],
["D#5",27,[11,13,13,15,11,-1]],
["D#5",28,[11,13,13,15,11,11]],
["D#5",29,[-1,13,13,-1,-1,-1]],
["D#5",30,[-1,-1,13,15,-1,-1]],
["D#5",31,[-1,13,-1,-1,16,-1]],
["D#5",32,[-1,18,-1,15,-1,-1]],
["D#5",33,[-1,-1,-1,15,16,-1]],
["D#5",34,[-1,-1,-1,15,16,18]],
["D#5",35,[-1,-1,-1,-1,16,18]],
["E5-",1,[-1,1,2,-1,-1,-1]],
["E5-",2,[0,1,2,-1,-1,-1]],
["E5-",3,[0,1,2,3,-1,-1]],
["E5-",4,[-1,-1,2,3,-1,-1]],
["E5-",5,[0,-1,-1,3,-1,-1]],
["E5-",6,[-1,-1,-1,3,-1,0]],
["E5-",7,[-1,-1,-1,3,5,-1]],
["E5-",8,[-1,-1,-1,3,5,6]],
["E5-",9,[-1,-1,8,-1,5,-1]],
["E5-",10,[-1,-1,-1,-1,5,6]],
["E5-",11,[6,-1,-1,9,-1,-1]],
["E5-",12,[-1,-1,-1,9,-1,6]],
["E5-",13,[6,7,8,-1,-1,-1]],
["E5-",14,[6,7,8,9,-1,-1]],
["E5-",15,[-1,7,8,-1,-1,-1]],
["E5-",16,[-1,7,-1,-1,11,-1]],
["E5-",17,[12,-1,8,-1,-1,-1]],
["E5-",18,[-1,-1,8,9,-1,-1]],
["E5-",19,[-1,-1,8,-1,-1,12]],
["E5-",20,[-1,-1,8,9,11,12]],
["E5-",21,[-1,13,-1,9,-1,-1]],
["E5-",22,[-1,-1,-1,9,11,-1]],
["E5-",23,[-1,-1,-1,9,11,12]],
["E5-",24,[-1,-1,14,-1,11,-1]],
["E5-",25,[-1,-1,-1,-1,11,12]],
["E5-",26,[-1,-1,-1,15,11,12]],
["E5-",27,[-1,-1,14,15,11,12]],
["E5-",28,[12,-1,-1,15,-1,-1]],
["E5-",29,[-1,-1,-1,15,-1,12]],
["E5-",30,[12,13,14,-1,-1,-1]],
["E5-",31,[12,13,14,15,-1,-1]],
["E5-",32,[-1,13,14,-1,-1,-1]],
["E5-",33,[-1,13,-1,-1,17,-1]],
["E5-",34,[18,-1,14,-1,-1,-1]],
["E5-",35,[-1,-1,14,15,-1,-1]],
["E5-",36,[-1,-1,14,-1,-1,18]],
["E5-",37,[-1,-1,14,15,17,18]],
["E5-",38,[-1,-1,-1,15,17,-1]],
["E5-",39,[-1,-1,-1,15,17,18]],
["E5-",40,[-1,-1,-1,-1,17,18]],
["E5",1,[-1,-1,-1,-1,0,0]],
["E5",2,[-1,2,2,-1,-1,-1]],
["E5",3,[-1,-1,2,-1,0,-1]],
["E5",4,[-1,-1,2,4,-1,-1]],
["E5",5,[-1,2,-1,-1,5,-1]],
["E5",6,[0,2,2,-1,-1,-1]],
["E5",7,[0,2,2,4,-1,-1]],
["E5",8,[-1,-1,2,4,0,0]],
["E5",9,[0,2,2,4,0,-1]],
["E5",10,[-1,2,2,4,0,0]],
["E5",11,[0,2,2,4,0,0]],
["E5",12,[0,-1,-1,4,-1,-1]],
["E5",13,[-1,7,-1,4,-1,-1]],
["E5",14,[-1,-1,-1,4,-1,0]],
["E5",15,[-1,-1,-1,4,5,-1]],
["E5",16,[-1,-1,-1,4,0,0]],
["E5",17,[-1,-1,-1,4,5,7]],
["E5",18,[-1,-1,-1,-1,5,7]],
["E5",19,[-1,7,9,-1,-1,-1]],
["E5",20,[7,-1,-1,9,-1,-1]],
["E5",21,[-1,-1,-1,9,-1,7]],
["E5",22,[7,7,9,-1,-1,-1]],
["E5",23,[7,7,9,9,-1,-1]],
["E5",24,[12,-1,9,-1,-1,-1]],
["E5",25,[-1,-1,9,9,-1,-1]],
["E5",26,[-1,-1,-1,9,12,-1]],
["E5",27,[-1,-1,9,-1,-1,12]],
["E5",28,[-1,-1,-1,9,12,12]],
["E5",29,[-1,-1,9,9,12,12]],
["E5",30,[12,-1,-1,16,-1,-1]],
["E5",31,[-1,-1,14,-1,12,-1]],
["E5",32,[-1,-1,-1,16,-1,12]],
["E5",33,[-1,-1,-1,-1,12,12]],
["E5",34,[12,14,14,-1,-1,-1]],
["E5",35,[-1,-1,-1,16,12,12]],
["E5",36,[12,14,14,16,-1,-1]],
["E5",37,[-1,-1,14,16,12,12]],
["E5",38,[12,14,14,16,12,-1]],
["E5",39,[12,14,14,16,12,12]],
["E5",40,[-1,14,14,-1,-1,-1]],
["E5",41,[-1,-1,14,16,-1,-1]],
["E5",42,[-1,14,-1,-1,17,-1]],
["E5",43,[-1,-1,-1,16,17,-1]],
["F5-",1,[1,-1,-1,4,-1,-1]],
["F5-",2,[-1,-1,-1,-1,0,1]],
["F5-",3,[-1,-1,-1,4,-1,1]],
["F5-",4,[1,2,3,-1,-1,-1]],
["F5-",5,[-1,-1,-1,4,0,1]],
["F5-",6,[1,2,3,4,-1,-1]],
["F5-",7,[-1,-1,3,4,0,1]],
["F5-",8,[1,2,3,4,0,-1]],
["F5-",9,[-1,2,3,4,0,1]],
["F5-",10,[-1,2,3,-1,-1,-1]],
["F5-",11,[-1,-1,3,-1,0,-1]],
["F5-",12,[-1,-1,3,4,-1,-1]],
["F5-",13,[-1,-1,-1,4,6,-1]],
["F5-",14,[-1,-1,-1,4,6,7]],
["F5-",15,[-1,-1,9,-1,6,-1]],
["F5-",16,[-1,-1,-1,-1,6,7]],
["F5-",17,[-1,-1,-1,10,6,7]],
["F5-",18,[-1,-1,9,10,6,7]],
["F5-",19,[7,-1,-1,10,-1,-1]],
["F5-",20,[-1,-1,-1,10,-1,7]],
["F5-",21,[7,8,9,-1,-1,-1]],
["F5-",22,[7,8,9,10,-1,-1]],
["F5-",23,[-1,8,9,-1,-1,-1]],
["F5-",24,[-1,8,-1,-1,12,-1]],
["F5-",25,[13,-1,9,-1,-1,-1]],
["F5-",26,[-1,-1,9,10,-1,-1]],
["F5-",27,[-1,-1,9,-1,-1,13]],
["F5-",28,[-1,-1,9,10,12,13]],
["F5-",29,[-1,14,-1,10,-1,-1]],
["F5-",30,[-1,-1,-1,10,12,-1]],
["F5-",31,[-1,-1,-1,10,12,13]],
["F5-",32,[-1,-1,15,-1,12,-1]],
["F5-",33,[-1,-1,-1,-1,12,13]],
["F5-",34,[-1,-1,-1,16,12,13]],
["F5-",35,[-1,-1,15,16,12,13]],
["F5-",36,[13,-1,-1,16,-1,-1]],
["F5-",37,[-1,-1,-1,16,-1,13]],
["F5-",38,[13,14,15,-1,-1,-1]],
["F5-",39,[13,14,15,16,-1,-1]],
["F5-",40,[-1,14,15,-1,-1,-1]],
["F5-",41,[-1,14,-1,-1,18,-1]],
["F5-",42,[-1,-1,15,16,-1,-1]],
["F5-",43,[-1,-1,-1,16,18,-1]],
["F5",1,[-1,-1,3,-1,1,-1]],
["F5",2,[-1,-1,-1,-1,1,1]],
["F5",3,[1,3,3,-1,-1,-1]],
["F5",4,[-1,3,3,-1,-1,-1]],
["F5",5,[-1,-1,3,5,-1,-1]],
["F5",6,[-1,3,-1,-1,6,-1]],
["F5",7,[-1,8,-1,5,-1,-1]],
["F5",8,[-1,-1,-1,5,6,-1]],
["F5",9,[-1,-1,-1,5,6,8]],
["F5",10,[-1,-1,10,-1,6,-1]],
["F5",11,[-1,-1,-1,-1,6,8]],
["F5",12,[-1,-1,-1,10,6,8]],
["F5",13,[-1,-1,10,10,6,8]],
["F5",14,[-1,8,10,-1,-1,-1]],
["F5",15,[8,-1,-1,10,-1,-1]],
["F5",16,[-1,-1,-1,10,-1,8]],
["F5",17,[8,8,10,-1,-1,-1]],
["F5",18,[8,8,10,10,-1,-1]],
["F5",19,[13,-1,10,-1,-1,-1]],
["F5",20,[-1,-1,10,10,-1,-1]],
["F5",21,[-1,-1,-1,10,13,-1]],
["F5",22,[-1,-1,10,-1,-1,13]],
["F5",23,[-1,-1,-1,10,13,13]],
["F5",24,[-1,-1,10,10,13,13]],
["F5",25,[13,-1,-1,17,-1,-1]],
["F5",26,[-1,-1,15,-1,13,-1]],
["F5",27,[-1,-1,-1,17,-1,13]],
["F5",28,[-1,-1,-1,-1,13,13]],
["F5",29,[13,15,15,-1,-1,-1]],
["F5",30,[-1,-1,-1,17,13,13]],
["F5",31,[13,15,15,17,-1,-1]],
["F5",32,[-1,-1,15,17,13,13]],
["F5",33,[13,15,15,17,13,-1]],
["F5",34,[13,15,15,17,13,13]],
["F5",35,[-1,15,15,-1,-1,-1]],
["F5",36,[-1,-1,15,17,-1,-1]],
["F5",37,[-1,15,-1,-1,18,-1]],
["F5",38,[-1,-1,-1,17,18,-1]],
["F#5-",1,[-1,-1,4,-1,1,-1]],
["F#5-",2,[-1,-1,-1,-1,1,2]],
["F#5-",3,[2,-1,-1,5,-1,-1]],
["F#5-",4,[-1,-1,-1,5,-1,2]],
["F#5-",5,[2,3,4,-1,-1,-1]],
["F#5-",6,[2,3,4,5,-1,-1]],
["F#5-",7,[-1,3,4,-1,-1,-1]],
["F#5-",8,[-1,-1,4,5,-1,-1]],
["F#5-",9,[-1,-1,-1,5,7,-1]],
["F#5-",10,[-1,-1,-1,5,7,8]],
["F#5-",11,[-1,-1,10,-1,7,-1]],
["F#5-",12,[-1,-1,-1,-1,7,8]],
["F#5-",13,[-1,-1,-1,11,7,8]],
["F#5-",14,[-1,-1,10,11,7,8]],
["F#5-",15,[8,-1,-1,11,-1,-1]],
["F#5-",16,[-1,-1,-1,11,-1,8]],
["F#5-",17,[8,9,10,-1,-1,-1]],
["F#5-",18,[8,9,10,11,-1,-1]],
["F#5-",19,[-1,9,10,-1,-1,-1]],
["F#5-",20,[-1,9,-1,-1,13,-1]],
["F#5-",21,[14,-1,10,-1,-1,-1]],
["F#5-",22,[-1,-1,10,11,-1,-1]],
["F#5-",23,[-1,-1,10,-1,-1,14]],
["F#5-",24,[-1,-1,10,11,13,14]],
["F#5-",25,[-1,15,-1,11,-1,-1]],
["F#5-",26,[-1,-1,-1,11,13,-1]],
["F#5-",27,[-1,-1,-1,11,13,14]],
["F#5-",28,[-1,-1,16,-1,13,-1]],
["F#5-",29,[-1,-1,-1,-1,13,14]],
["F#5-",30,[-1,-1,-1,17,13,14]],
["F#5-",31,[-1,-1,16,17,13,14]],
["F#5-",32,[14,-1,-1,17,-1,-1]],
["F#5-",33,[-1,-1,-1,17,-1,14]],
["F#5-",34,[14,15,16,-1,-1,-1]],
["F#5-",35,[14,15,16,17,-1,-1]],
["F#5-",36,[-1,15,16,-1,-1,-1]],
["F#5-",37,[-1,-1,16,17,-1,-1]],
["F#5",1,[-1,-1,4,-1,2,-1]],
["F#5",2,[-1,-1,-1,-1,2,2]],
["F#5",3,[2,4,4,-1,-1,-1]],
["F#5",4,[-1,4,4,-1,-1,-1]],
["F#5",5,[-1,-1,4,6,-1,-1]],
["F#5",6,[-1,4,-1,-1,7,-1]],
["F#5",7,[-1,9,-1,6,-1,-1]],
["F#5",8,[-1,-1,-1,6,7,-1]],
["F#5",9,[-1,-1,-1,6,7,9]],
["F#5",10,[-1,-1,11,-1,7,-1]],
["F#5",11,[-1,-1,-1,-1,7,9]],
["F#5",12,[-1,-1,-1,11,7,9]],
["F#5",13,[-1,-1,11,11,7,9]],
["F#5",14,[-1,9,11,-1,-1,-1]],
["F#5",15,[9,-1,-1,11,-1,-1]],
["F#5",16,[-1,-1,-1,11,-1,9]],
["F#5",17,[9,9,11,-1,-1,-1]],
["F#5",18,[9,9,11,11,-1,-1]],
["F#5",19,[14,-1,11,-1,-1,-1]],
["F#5",20,[-1,-1,11,11,-1,-1]],
["F#5",21,[-1,-1,-1,11,14,-1]],
["F#5",22,[-1,-1,11,-1,-1,14]],
["F#5",23,[-1,-1,-1,11,14,14]],
["F#5",24,[-1,-1,11,11,14,14]],
["F#5",25,[14,-1,-1,18,-1,-1]],
["F#5",26,[-1,-1,16,-1,14,-1]],
["F#5",27,[-1,-1,-1,18,-1,14]],
["F#5",28,[-1,-1,-1,-1,14,14]],
["F#5",29,[14,16,16,-1,-1,-1]],
["F#5",30,[-1,-1,-1,18,14,14]],
["F#5",31,[14,16,16,18,-1,-1]],
["F#5",32,[-1,-1,16,18,14,14]],
["F#5",33,[14,16,16,18,14,-1]],
["F#5",34,[14,16,16,18,14,14]],
["F#5",35,[-1,16,16,-1,-1,-1]],
["F#5",36,[-1,-1,16,18,-1,-1]],
["G5-",1,[-1,-1,-1,0,2,-1]],
["G5-",2,[-1,-1,5,-1,2,-1]],
["G5-",3,[-1,-1,-1,-1,2,3]],
["G5-",4,[-1,-1,-1,0,2,3]],
["G5-",5,[3,-1,-1,6,-1,-1]],
["G5-",6,[-1,-1,-1,6,-1,3]],
["G5-",7,[3,4,5,-1,-1,-1]],
["G5-",8,[3,4,5,6,-1,-1]],
["G5-",9,[-1,4,-1,0,-1,-1]],
["G5-",10,[-1,4,5,-1,-1,-1]],
["G5-",11,[-1,-1,5,6,-1,-1]],
["G5-",12,[-1,10,-1,6,-1,-1]],
["G5-",13,[-1,-1,-1,6,8,-1]],
["G5-",14,[-1,-1,-1,6,8,9]],
["G5-",15,[-1,-1,11,-1,8,-1]],
["G5-",16,[-1,-1,-1,-1,8,9]],
["G5-",17,[-1,-1,-1,12,8,9]],
["G5-",18,[-1,-1,11,12,8,9]],
["G5-",19,[9,-1,-1,12,-1,-1]],
["G5-",20,[-1,-1,-1,12,-1,9]],
["G5-",21,[9,10,11,-1,-1,-1]],
["G5-",22,[9,10,11,12,-1,-1]],
["G5-",23,[-1,10,11,-1,-1,-1]],
["G5-",24,[-1,10,-1,-1,14,-1]],
["G5-",25,[15,-1,11,-1,-1,-1]],
["G5-",26,[-1,-1,11,12,-1,-1]],
["G5-",27,[-1,-1,11,-1,-1,15]],
["G5-",28,[-1,-1,11,12,14,15]],
["G5-",29,[-1,16,-1,12,-1,-1]],
["G5-",30,[-1,-1,-1,12,14,-1]],
["G5-",31,[-1,-1,-1,12,14,15]],
["G5-",32,[-1,-1,17,-1,14,-1]],
["G5-",33,[-1,-1,-1,-1,14,15]],
["G5-",34,[-1,-1,-1,18,14,15]],
["G5-",35,[-1,-1,17,18,14,15]],
["G5-",36,[15,-1,-1,18,-1,-1]],
["G5-",37,[-1,-1,-1,18,-1,15]],
["G5-",38,[15,16,17,-1,-1,-1]],
["G5-",39,[15,16,17,18,-1,-1]],
["G5-",40,[-1,16,17,-1,-1,-1]],
["G5-",41,[-1,-1,17,18,-1,-1]],
["G5",1,[-1,-1,0,0,-1,-1]],
["G5",2,[3,-1,0,-1,-1,-1]],
["G5",3,[-1,-1,-1,0,3,-1]],
["G5",4,[-1,-1,5,-1,3,-1]],
["G5",5,[-1,-1,0,-1,-1,3]],
["G5",6,[-1,-1,-1,-1,3,3]],
["G5",7,[3,5,5,-1,-1,-1]],
["G5",8,[-1,-1,-1,0,3,3]],
["G5",9,[-1,-1,0,0,3,3]],
["G5",10,[-1,5,5,-1,-1,-1]],
["G5",11,[-1,-1,5,7,-1,-1]],
["G5",12,[-1,5,-1,-1,8,-1]],
["G5",13,[-1,10,-1,7,-1,-1]],
["G5",14,[-1,-1,-1,7,8,-1]],
["G5",15,[-1,-1,-1,7,8,10]],
["G5",16,[-1,-1,12,-1,8,-1]],
["G5",17,[-1,-1,-1,-1,8,10]],
["G5",18,[-1,-1,-1,12,8,10]],
["G5",19,[-1,-1,12,12,8,10]],
["G5",20,[-1,10,12,-1,-1,-1]],
["G5",21,[10,-1,-1,12,-1,-1]],
["G5",22,[-1,-1,-1,12,-1,10]],
["G5",23,[10,10,12,-1,-1,-1]],
["G5",24,[10,10,12,12,-1,-1]],
["G5",25,[15,-1,12,-1,-1,-1]],
["G5",26,[-1,-1,12,12,-1,-1]],
["G5",27,[-1,-1,-1,12,15,-1]],
["G5",28,[-1,-1,12,-1,-1,15]],
["G5",29,[-1,-1,-1,12,15,15]],
["G5",30,[-1,-1,12,12,15,15]],
["G5",31,[-1,-1,17,-1,15,-1]],
["G5",32,[-1,-1,-1,-1,15,15]],
["G5",33,[15,17,17,-1,-1,-1]],
["G5",34,[-1,17,17,-1,-1,-1]],
["G#5-",1,[-1,-1,0,1,-1,-1]],
["G#5-",2,[-1,-1,-1,1,3,-1]],
["G#5-",3,[-1,-1,-1,1,3,4]],
["G#5-",4,[-1,-1,0,1,3,4]],
["G#5-",5,[-1,-1,6,-1,3,-1]],
["G#5-",6,[-1,-1,-1,-1,3,4]],
["G#5-",7,[4,-1,0,-1,-1,-1]],
["G#5-",8,[4,-1,-1,7,-1,-1]],
["G#5-",9,[-1,-1,0,-1,-1,4]],
["G#5-",10,[-1,-1,-1,7,-1,4]],
["G#5-",11,[4,5,6,-1,-1,-1]],
["G#5-",12,[4,5,6,7,-1,-1]],
["G#5-",13,[-1,5,6,-1,-1,-1]],
["G#5-",14,[10,-1,6,-1,-1,-1]],
["G#5-",15,[-1,-1,6,7,-1,-1]],
["G#5-",16,[-1,-1,6,-1,-1,10]],
["G#5-",17,[-1,-1,6,7,9,10]],
["G#5-",18,[-1,11,-1,7,-1,-1]],
["G#5-",19,[-1,-1,-1,7,9,-1]],
["G#5-",20,[-1,-1,-1,7,9,10]],
["G#5-",21,[-1,-1,12,-1,9,-1]],
["G#5-",22,[-1,-1,-1,-1,9,10]],
["G#5-",23,[-1,-1,-1,13,9,10]],
["G#5-",24,[-1,-1,12,13,9,10]],
["G#5-",25,[10,-1,-1,13,-1,-1]],
["G#5-",26,[-1,-1,-1,13,-1,10]],
["G#5-",27,[10,11,12,-1,-1,-1]],
["G#5-",28,[10,11,12,13,-1,-1]],
["G#5-",29,[-1,11,12,-1,-1,-1]],
["G#5-",30,[-1,11,-1,-1,15,-1]],
["G#5-",31,[16,-1,12,-1,-1,-1]],
["G#5-",32,[-1,-1,12,13,-1,-1]],
["G#5-",33,[-1,-1,12,-1,-1,16]],
["G#5-",34,[-1,-1,12,13,15,16]],
["G#5-",35,[-1,17,-1,13,-1,-1]],
["G#5-",36,[-1,-1,-1,13,15,-1]],
["G#5-",37,[-1,-1,-1,13,15,16]],
["G#5-",38,[-1,-1,18,-1,15,-1]],
["G#5-",39,[-1,-1,-1,-1,15,16]],
["G#5-",40,[16,17,18,-1,-1,-1]],
["G#5-",41,[-1,17,18,-1,-1,-1]],
["G#5",1,[4,-1,1,-1,-1,-1]],
["G#5",2,[-1,-1,1,1,-1,-1]],
["G#5",3,[-1,-1,-1,1,4,-1]],
["G#5",4,[-1,-1,1,-1,-1,4]],
["G#5",5,[-1,-1,-1,1,4,4]],
["G#5",6,[-1,-1,1,1,4,4]],
["G#5",7,[-1,-1,6,-1,4,-1]],
["G#5",8,[-1,-1,-1,-1,4,4]],
["G#5",9,[4,6,6,-1,-1,-1]],
["G#5",10,[-1,6,6,-1,-1,-1]],
["G#5",11,[-1,-1,6,8,-1,-1]],
["G#5",12,[-1,6,-1,-1,9,-1]],
["G#5",13,[-1,11,-1,8,-1,-1]],
["G#5",14,[-1,-1,-1,8,9,-1]],
["G#5",15,[-1,-1,-1,8,9,11]],
["G#5",16,[-1,-1,13,-1,9,-1]],
["G#5",17,[-1,-1,-1,-1,9,11]],
["G#5",18,[-1,-1,-1,13,9,11]],
["G#5",19,[-1,-1,13,13,9,11]],
["G#5",20,[-1,11,13,-1,-1,-1]],
["G#5",21,[11,-1,-1,13,-1,-1]],
["G#5",22,[-1,-1,-1,13,-1,11]],
["G#5",23,[11,11,13,-1,-1,-1]],
["G#5",24,[11,11,13,13,-1,-1]],
["G#5",25,[16,-1,13,-1,-1,-1]],
["G#5",26,[-1,-1,13,13,-1,-1]],
["G#5",27,[-1,-1,-1,13,16,-1]],
["G#5",28,[-1,-1,13,-1,-1,16]],
["G#5",29,[-1,-1,-1,13,16,16]],
["G#5",30,[-1,-1,13,13,16,16]],
["G#5",31,[-1,-1,18,-1,16,-1]],
["G#5",32,[-1,-1,-1,-1,16,16]],
["G#5",33,[16,18,18,-1,-1,-1]],
["G#5",34,[-1,18,18,-1,-1,-1]],
["A5-",1,[-1,0,1,-1,-1,-1]],
["A5-",2,[-1,-1,1,2,-1,-1]],
["A5-",3,[-1,-1,-1,2,4,-1]],
["A5-",4,[-1,-1,-1,2,4,5]],
["A5-",5,[-1,0,-1,-1,4,-1]],
["A5-",6,[-1,-1,7,-1,4,-1]],
["A5-",7,[-1,-1,-1,-1,4,5]],
["A5-",8,[5,-1,-1,8,-1,-1]],
["A5-",9,[-1,-1,-1,8,-1,5]],
["A5-",10,[5,6,7,-1,-1,-1]],
["A5-",11,[5,6,7,8,-1,-1]],
["A5-",12,[-1,6,7,-1,-1,-1]],
["A5-",13,[-1,6,-1,-1,10,-1]],
["A5-",14,[11,-1,7,-1,-1,-1]],
["A5-",15,[-1,-1,7,8,-1,-1]],
["A5-",16,[-1,-1,7,-1,-1,11]],
["A5-",17,[-1,-1,7,8,10,11]],
["A5-",18,[-1,12,-1,8,-1,-1]],
["A5-",19,[-1,-1,-1,8,10,-1]],
["A5-",20,[-1,-1,-1,8,10,11]],
["A5-",21,[-1,-1,13,-1,10,-1]],
["A5-",22,[-1,-1,-1,-1,10,11]],
["A5-",23,[-1,-1,-1,14,10,11]],
["A5-",24,[-1,-1,13,14,10,11]],
["A5-",25,[11,-1,-1,14,-1,-1]],
["A5-",26,[-1,-1,-1,14,-1,11]],
["A5-",27,[11,12,13,-1,-1,-1]],
["A5-",28,[11,12,13,14,-1,-1]],
["A5-",29,[-1,12,13,-1,-1,-1]],
["A5-",30,[-1,12,-1,-1,16,-1]],
["A5-",31,[17,-1,13,-1,-1,-1]],
["A5-",32,[-1,-1,13,14,-1,-1]],
["A5-",33,[-1,-1,13,-1,-1,17]],
["A5-",34,[-1,-1,13,14,16,17]],
["A5-",35,[-1,18,-1,14,-1,-1]],
["A5-",36,[-1,-1,-1,14,16,-1]],
["A5-",37,[-1,-1,-1,14,16,17]],
["A5-",38,[-1,-1,-1,-1,16,17]],
["A5",1,[-1,0,2,-1,-1,-1]],
["A5",2,[5,-1,2,-1,-1,-1]],
["A5",3,[0,-1,-1,2,-1,-1]],
["A5",4,[-1,-1,2,2,-1,-1]],
["A5",5,[-1,-1,-1,2,-1,0]],
["A5",6,[-1,-1,-1,2,5,-1]],
["A5",7,[-1,-1,2,-1,-1,5]],
["A5",8,[0,0,2,-1,-1,-1]],
["A5",9,[-1,-1,-1,2,5,5]],
["A5",10,[0,0,2,2,-1,-1]],
["A5",11,[-1,-1,2,2,5,5]],
["A5",12,[-1,-1,7,-1,5,-1]],
["A5",13,[-1,-1,-1,-1,5,5]],
["A5",14,[5,7,7,-1,-1,-1]],
["A5",15,[-1,7,7,-1,-1,-1]],
["A5",16,[-1,-1,7,9,-1,-1]],
["A5",17,[-1,7,-1,-1,10,-1]],
["A5",18,[-1,12,-1,9,-1,-1]],
["A5",19,[-1,-1,-1,9,10,-1]],
["A5",20,[-1,-1,-1,9,10,12]],
["A5",21,[-1,-1,14,-1,10,-1]],
["A5",22,[-1,-1,-1,-1,10,12]],
["A5",23,[-1,-1,-1,14,10,12]],
["A5",24,[-1,-1,14,14,10,12]],
["A5",25,[-1,12,14,-1,-1,-1]],
["A5",26,[12,-1,-1,14,-1,-1]],
["A5",27,[-1,-1,-1,14,-1,12]],
["A5",28,[12,12,14,-1,-1,-1]],
["A5",29,[12,12,14,14,-1,-1]],
["A5",30,[17,-1,14,-1,-1,-1]],
["A5",31,[-1,-1,14,14,-1,-1]],
["A5",32,[-1,-1,-1,14,17,-1]],
["A5",33,[-1,-1,14,-1,-1,17]],
["A5",34,[-1,-1,-1,14,17,17]],
["A5",35,[-1,-1,14,14,17,17]],
["A5",36,[-1,-1,-1,-1,17,17]],
["A#5-",1,[-1,1,2,-1,-1,-1]],
["A#5-",2,[0,1,2,-1,-1,-1]],
["A#5-",3,[0,1,2,3,-1,-1]],
["A#5-",4,[-1,-1,2,3,-1,-1]],
["A#5-",5,[0,-1,-1,3,-1,-1]],
["A#5-",6,[-1,-1,-1,3,-1,0]],
["A#5-",7,[-1,-1,-1,3,5,-1]],
["A#5-",8,[-1,-1,-1,3,5,6]],
["A#5-",9,[-1,-1,8,-1,5,-1]],
["A#5-",10,[-1,-1,-1,-1,5,6]],
["A#5-",11,[6,-1,-1,9,-1,-1]],
["A#5-",12,[-1,-1,-1,9,-1,6]],
["A#5-",13,[6,7,8,-1,-1,-1]],
["A#5-",14,[6,7,8,9,-1,-1]],
["A#5-",15,[-1,7,8,-1,-1,-1]],
["A#5-",16,[-1,7,-1,-1,11,-1]],
["A#5-",17,[12,-1,8,-1,-1,-1]],
["A#5-",18,[-1,-1,8,9,-1,-1]],
["A#5-",19,[-1,-1,8,-1,-1,12]],
["A#5-",20,[-1,-1,8,9,11,12]],
["A#5-",21,[-1,13,-1,9,-1,-1]],
["A#5-",22,[-1,-1,-1,9,11,-1]],
["A#5-",23,[-1,-1,-1,9,11,12]],
["A#5-",24,[-1,-1,14,-1,11,-1]],
["A#5-",25,[-1,-1,-1,-1,11,12]],
["A#5-",26,[-1,-1,-1,15,11,12]],
["A#5-",27,[-1,-1,14,15,11,12]],
["A#5-",28,[12,-1,-1,15,-1,-1]],
["A#5-",29,[-1,-1,-1,15,-1,12]],
["A#5-",30,[12,13,14,-1,-1,-1]],
["A#5-",31,[12,13,14,15,-1,-1]],
["A#5-",32,[-1,13,14,-1,-1,-1]],
["A#5-",33,[-1,13,-1,-1,17,-1]],
["A#5-",34,[18,-1,14,-1,-1,-1]],
["A#5-",35,[-1,-1,14,15,-1,-1]],
["A#5-",36,[-1,-1,14,-1,-1,18]],
["A#5-",37,[-1,-1,14,15,17,18]],
["A#5-",38,[-1,-1,-1,15,17,-1]],
["A#5-",39,[-1,-1,-1,15,17,18]],
["A#5-",40,[-1,-1,-1,-1,17,18]],
["A#5",1,[-1,1,3,-1,-1,-1]],
["A#5",2,[1,-1,-1,3,-1,-1]],
["A#5",3,[-1,-1,-1,3,-1,1]],
["A#5",4,[1,1,3,-1,-1,-1]],
["A#5",5,[1,1,3,3,-1,-1]],
["A#5",6,[6,-1,3,-1,-1,-1]],
["A#5",7,[-1,-1,3,3,-1,-1]],
["A#5",8,[-1,-1,-1,3,6,-1]],
["A#5",9,[-1,-1,3,-1,-1,6]],
["A#5",10,[-1,-1,-1,3,6,6]],
["A#5",11,[-1,-1,3,3,6,6]],
["A#5",12,[6,-1,-1,10,-1,-1]],
["A#5",13,[-1,-1,8,-1,6,-1]],
["A#5",14,[-1,-1,-1,10,-1,6]],
["A#5",15,[-1,-1,-1,-1,6,6]],
["A#5",16,[6,8,8,-1,-1,-1]],
["A#5",17,[-1,-1,-1,10,6,6]],
["A#5",18,[6,8,8,10,-1,-1]],
["A#5",19,[-1,-1,8,10,6,6]],
["A#5",20,[6,8,8,10,6,-1]],
["A#5",21,[6,8,8,10,6,6]],
["A#5",22,[-1,8,8,-1,-1,-1]],
["A#5",23,[-1,-1,8,10,-1,-1]],
["A#5",24,[-1,8,-1,-1,11,-1]],
["A#5",25,[-1,13,-1,10,-1,-1]],
["A#5",26,[-1,-1,-1,10,11,-1]],
["A#5",27,[-1,-1,-1,10,11,13]],
["A#5",28,[-1,-1,15,-1,11,-1]],
["A#5",29,[-1,-1,-1,-1,11,13]],
["A#5",30,[-1,-1,-1,15,11,13]],
["A#5",31,[-1,-1,15,15,11,13]],
["A#5",32,[-1,13,15,-1,-1,-1]],
["A#5",33,[13,-1,-1,15,-1,-1]],
["A#5",34,[-1,-1,-1,15,-1,13]],
["A#5",35,[13,13,15,-1,-1,-1]],
["A#5",36,[13,13,15,15,-1,-1]],
["A#5",37,[18,-1,15,-1,-1,-1]],
["A#5",38,[-1,-1,15,15,-1,-1]],
["A#5",39,[-1,-1,-1,15,18,-1]],
["A#5",40,[-1,-1,15,-1,-1,18]],
["A#5",41,[-1,-1,-1,15,18,18]],
["A#5",42,[-1,-1,15,15,18,18]],
["A#5",43,[-1,-1,-1,-1,18,18]],
["B5-",1,[1,-1,-1,4,-1,-1]],
["B5-",2,[-1,-1,-1,-1,0,1]],
["B5-",3,[-1,-1,-1,4,-1,1]],
["B5-",4,[1,2,3,-1,-1,-1]],
["B5-",5,[-1,-1,-1,4,0,1]],
["B5-",6,[1,2,3,4,-1,-1]],
["B5-",7,[-1,-1,3,4,0,1]],
["B5-",8,[1,2,3,4,0,-1]],
["B5-",9,[-1,2,3,4,0,1]],
["B5-",10,[-1,2,3,-1,-1,-1]],
["B5-",11,[-1,-1,3,-1,0,-1]],
["B5-",12,[-1,-1,3,4,-1,-1]],
["B5-",13,[-1,-1,-1,4,6,-1]],
["B5-",14,[-1,-1,-1,4,6,7]],
["B5-",15,[-1,-1,9,-1,6,-1]],
["B5-",16,[-1,-1,-1,-1,6,7]],
["B5-",17,[-1,-1,-1,10,6,7]],
["B5-",18,[-1,-1,9,10,6,7]],
["B5-",19,[7,-1,-1,10,-1,-1]],
["B5-",20,[-1,-1,-1,10,-1,7]],
["B5-",21,[7,8,9,-1,-1,-1]],
["B5-",22,[7,8,9,10,-1,-1]],
["B5-",23,[-1,8,9,-1,-1,-1]],
["B5-",24,[-1,8,-1,-1,12,-1]],
["B5-",25,[13,-1,9,-1,-1,-1]],
["B5-",26,[-1,-1,9,10,-1,-1]],
["B5-",27,[-1,-1,9,-1,-1,13]],
["B5-",28,[-1,-1,9,10,12,13]],
["B5-",29,[-1,14,-1,10,-1,-1]],
["B5-",30,[-1,-1,-1,10,12,-1]],
["B5-",31,[-1,-1,-1,10,12,13]],
["B5-",32,[-1,-1,15,-1,12,-1]],
["B5-",33,[-1,-1,-1,-1,12,13]],
["B5-",34,[-1,-1,-1,16,12,13]],
["B5-",35,[-1,-1,15,16,12,13]],
["B5-",36,[13,-1,-1,16,-1,-1]],
["B5-",37,[-1,-1,-1,16,-1,13]],
["B5-",38,[13,14,15,-1,-1,-1]],
["B5-",39,[13,14,15,16,-1,-1]],
["B5-",40,[-1,14,15,-1,-1,-1]],
["B5-",41,[-1,14,-1,-1,18,-1]],
["B5-",42,[-1,-1,15,16,-1,-1]],
["B5-",43,[-1,-1,-1,16,18,-1]],
["B5",1,[-1,2,4,-1,-1,-1]],
["B5",2,[2,-1,-1,4,-1,-1]],
["B5",3,[-1,-1,-1,-1,0,2]],
["B5",4,[-1,-1,-1,4,-1,2]],
["B5",5,[2,2,4,-1,-1,-1]],
["B5",6,[-1,-1,-1,4,0,2]],
["B5",7,[2,2,4,4,-1,-1]],
["B5",8,[-1,-1,4,4,0,2]],
["B5",9,[2,2,4,4,0,-1]],
["B5",10,[-1,2,4,4,0,2]],
["B5",11,[7,-1,4,-1,-1,-1]],
["B5",12,[-1,-1,4,-1,0,-1]],
["B5",13,[-1,-1,4,4,-1,-1]],
["B5",14,[-1,-1,-1,4,7,-1]],
["B5",15,[-1,-1,4,-1,-1,7]],
["B5",16,[-1,-1,-1,4,7,7]],
["B5",17,[-1,-1,4,4,7,7]],
["B5",18,[7,-1,-1,11,-1,-1]],
["B5",19,[-1,-1,9,-1,7,-1]],
["B5",20,[-1,-1,-1,11,-1,7]],
["B5",21,[-1,-1,-1,-1,7,7]],
["B5",22,[7,9,9,-1,-1,-1]],
["B5",23,[-1,-1,-1,11,7,7]],
["B5",24,[7,9,9,11,-1,-1]],
["B5",25,[-1,-1,9,11,7,7]],
["B5",26,[7,9,9,11,7,-1]],
["B5",27,[7,9,9,11,7,7]],
["B5",28,[-1,9,9,-1,-1,-1]],
["B5",29,[-1,-1,9,11,-1,-1]],
["B5",30,[-1,9,-1,-1,12,-1]],
["B5",31,[-1,14,-1,11,-1,-1]],
["B5",32,[-1,-1,-1,11,12,-1]],
["B5",33,[-1,-1,-1,11,12,14]],
["B5",34,[-1,-1,16,-1,12,-1]],
["B5",35,[-1,-1,-1,-1,12,14]],
["B5",36,[-1,-1,-1,16,12,14]],
["B5",37,[-1,-1,16,16,12,14]],
["B5",38,[-1,14,16,-1,-1,-1]],
["B5",39,[14,-1,-1,16,-1,-1]],
["B5",40,[-1,-1,-1,16,-1,14]],
["B5",41,[14,14,16,-1,-1,-1]],
["B5",42,[14,14,16,16,-1,-1]],
["B5",43,[-1,-1,16,16,-1,-1]],
