["CM13",1,[-1,3,-1,-1,1,-1]],
["CM13",2,[-1,3,-1,5,-1,-1]],
["CM13",3,[8,-1,-1,5,-1,-1]],
["CM13",4,[-1,-1,-1,5,-1,8]],
["CM13",5,[8,-1,10,-1,-1,-1]],
["CM13",6,[-1,-1,10,-1,-1,8]],
["CM13",7,[-1,-1,10,-1,13,-1]],
["CM13",8,[-1,15,-1,-1,13,-1]],
["CM13",9,[-1,-1,-1,17,13,-1]],
["CM13",10,[-1,15,-1,17,-1,-1]],
["CM7sus2",1,[-1,-1,0,-1,1,-1]],
["CM7sus2",2,[-1,3,0,-1,-1,-1]],
["CM7sus2",3,[-1,3,-1,-1,3,-1]],
["CM7sus2",4,[-1,-1,-1,5,3,-1]],
["CM7sus2",5,[-1,5,-1,5,-1,-1]],
["CM7sus2",6,[8,-1,-1,7,-1,-1]],
["CM7sus2",7,[-1,-1,10,7,-1,-1]],
["CM7sus2",8,[-1,-1,-1,7,-1,8]],
["CM7sus2",9,[8,-1,12,-1,-1,-1]],
["CM7sus2",10,[-1,-1,12,-1,-1,8]],
["CM7sus2",11,[10,-1,10,-1,-1,-1]],
["CM7sus2",12,[-1,-1,10,-1,-1,10]],
["CM7sus2",13,[-1,-1,-1,-1,13,10]],
["CM7sus2",14,[-1,15,12,-1,-1,-1]],
["CM7sus2",15,[-1,-1,12,-1,13,-1]],
["CM7sus2",16,[-1,17,-1,-1,13,-1]],
["CM7sus2",17,[-1,15,-1,-1,15,-1]],
["CM7sus2",18,[-1,-1,-1,17,15,-1]],
["CM7sus2",19,[-1,17,-1,17,-1,-1]],
["Cmaddb9",1,[-1,3,1,-1,-1,-1]],
["Cmaddb9",2,[-1,-1,1,-1,1,-1]],
["Cmaddb9",3,[-1,3,-1,-1,4,-1]],
["Cmaddb9",4,[-1,-1,-1,5,4,-1]],
["Cmaddb9",5,[-1,6,-1,5,-1,-1]],
["Cmaddb9",6,[-1,6,10,-1,-1,-1]],
["Cmaddb9",7,[8,-1,-1,8,-1,-1]],
["Cmaddb9",8,[-1,-1,10,8,-1,-1]],
["Cmaddb9",9,[-1,-1,-1,8,-1,8]],
["Cmaddb9",10,[11,-1,10,-1,-1,-1]],
["Cmaddb9",11,[-1,-1,10,-1,-1,11]],
["Cmaddb9",12,[-1,-1,-1,-1,13,11]],
["Cmaddb9",13,[-1,15,13,-1,-1,-1]],
["Cmaddb9",14,[-1,-1,13,17,-1,-1]],
["Cmaddb9",15,[-1,-1,13,-1,13,-1]],
["Cmaddb9",16,[-1,15,-1,-1,16,-1]],
["Cmaddb9",17,[-1,-1,-1,17,16,-1]],
["Cmaddb9",18,[-1,18,-1,17,-1,-1]],
["CMaddb9",1,[-1,-1,2,-1,1,-1]],
["CMaddb9",2,[-1,-1,-1,-1,1,0]],
["CMaddb9",3,[-1,3,2,-1,-1,-1]],
["CMaddb9",4,[-1,-1,2,5,-1,-1]],
["CMaddb9",5,[-1,3,-1,-1,5,-1]],
["CMaddb9",6,[-1,7,-1,5,-1,-1]],
["CMaddb9",7,[-1,-1,-1,5,5,-1]],
["CMaddb9",8,[-1,-1,-1,-1,5,8]],
["CMaddb9",9,[-1,7,10,-1,-1,-1]],
["CMaddb9",10,[8,-1,-1,9,-1,-1]],
["CMaddb9",11,[-1,-1,-1,9,-1,8]],
["CMaddb9",12,[-1,-1,10,9,-1,-1]],
["CMaddb9",13,[-1,-1,-1,9,13,-1]],
["CMaddb9",14,[12,-1,10,-1,-1,-1]],
["CMaddb9",15,[-1,-1,10,-1,-1,12]],
["CMaddb9",16,[-1,-1,-1,-1,13,12]],
["CMaddb9",17,[-1,-1,14,-1,13,-1]],
["CMaddb9",18,[-1,15,14,-1,-1,-1]],
["CMaddb9",19,[-1,-1,14,17,-1,-1]],
["CMaddb9",20,[-1,15,-1,-1,17,-1]],
["CMaddb9",21,[-1,-1,-1,17,17,-1]],
["CM7sus4",1,[-1,-1,3,-1,1,-1]],
["CM7sus4",2,[-1,-1,-1,-1,1,1]],
["CM7sus4",3,[-1,3,3,-1,-1,-1]],
["CM7sus4",4,[-1,-1,3,5,-1,-1]],
["CM7sus4",5,[-1,3,-1,-1,6,-1]],
["CM7sus4",6,[-1,8,-1,5,-1,-1]],
["CM7sus4",7,[-1,-1,-1,5,6,-1]],
["CM7sus4",8,[-1,-1,10,-1,6,-1]],
["CM7sus4",9,[-1,-1,-1,-1,6,8]],
["CM7sus4",10,[-1,8,10,-1,-1,-1]],
["CM7sus4",11,[8,-1,-1,10,-1,-1]],
["CM7sus4",12,[-1,-1,-1,10,-1,8]],
["CM7sus4",13,[13,-1,10,-1,-1,-1]],
["CM7sus4",14,[-1,-1,10,10,-1,-1]],
["CM7sus4",15,[-1,-1,-1,10,13,-1]],
["CM7sus4",16,[-1,-1,10,-1,-1,13]],
["CM7sus4",17,[13,-1,-1,17,-1,-1]],
["CM7sus4",18,[-1,-1,15,-1,13,-1]],
["CM7sus4",19,[-1,-1,-1,17,-1,13]],
["CM7sus4",20,[-1,-1,-1,-1,13,13]],
["CM7sus4",21,[-1,15,15,-1,-1,-1]],
["CM7sus4",22,[-1,-1,15,17,-1,-1]],
["CM7sus4",23,[-1,15,-1,-1,18,-1]],
["CM7sus4",24,[-1,-1,-1,17,18,-1]],
["AMadd#9",1,[-1,0,-1,-1,1,-1]],
["AMadd#9",2,[-1,-1,-1,2,1,-1]],
["AMadd#9",3,[-1,3,-1,2,-1,-1]],
["AMadd#9",4,[5,-1,-1,5,-1,-1]],
["AMadd#9",5,[-1,-1,7,5,-1,-1]],
["AMadd#9",6,[-1,-1,-1,5,-1,5]],
["AMadd#9",7,[8,-1,7,-1,-1,-1]],
["AMadd#9",8,[-1,-1,7,-1,-1,8]],
["AMadd#9",9,[-1,-1,-1,-1,10,8]],
["AMadd#9",10,[-1,12,10,-1,-1,-1]],
["AMadd#9",11,[-1,-1,10,14,-1,-1]],
["AMadd#9",12,[-1,-1,10,-1,10,-1]],
["AMadd#9",13,[-1,12,-1,-1,13,-1]],
["AMadd#9",14,[-1,-1,-1,14,13,-1]],
["AMadd#9",15,[-1,-1,-1,-1,13,17]],
["AMadd#9",16,[-1,15,-1,14,-1,-1]],
["AMadd#9",17,[17,-1,-1,17,-1,-1]],
["AMadd#9",18,[-1,-1,-1,17,-1,17]],
["A#madd9",1,[-1,1,-1,-1,1,-1]],
["A#madd9",2,[-1,-1,-1,3,1,-1]],
["A#madd9",3,[-1,3,-1,3,-1,-1]],
["A#madd9",4,[6,-1,-1,5,-1,-1]],
["A#madd9",5,[-1,-1,8,5,-1,-1]],
["A#madd9",6,[-1,-1,-1,5,-1,6]],
["A#madd9",7,[6,-1,10,-1,-1,-1]],
["A#madd9",8,[-1,-1,10,-1,-1,6]],
["A#madd9",9,[8,-1,8,-1,-1,-1]],
["A#madd9",10,[-1,-1,8,-1,-1,8]],
["A#madd9",11,[-1,-1,-1,-1,11,8]],
["A#madd9",12,[-1,13,10,-1,-1,-1]],
["A#madd9",13,[-1,-1,10,-1,11,-1]],
["A#madd9",14,[-1,15,-1,-1,11,-1]],
["A#madd9",15,[-1,13,-1,17,-1,-1]],
["A#madd9",16,[-1,13,-1,-1,13,-1]],
["A#madd9",17,[-1,-1,-1,15,13,-1]],
["A#madd9",18,[-1,15,-1,15,-1,-1]],
["A#madd9",19,[18,-1,-1,17,-1,-1]],
["A#madd9",20,[-1,-1,-1,17,-1,18]],
["CmM7",1,[-1,2,-1,-1,1,-1]],
["CmM7",2,[-1,-1,-1,4,1,-1]],
["CmM7",3,[-1,2,-1,5,-1,-1]],
["CmM7",4,[-1,3,-1,-1,0,-1]],
["CmM7",5,[-1,3,-1,4,-1,-1]],
["CmM7",6,[7,-1,-1,5,-1,-1]],
["CmM7",7,[-1,-1,-1,5,-1,7]],
["CmM7",8,[7,-1,10,-1,-1,-1]],
["CmM7",9,[-1,-1,10,-1,-1,7]],
["CmM7",10,[8,-1,9,-1,-1,-1]],
["CmM7",11,[-1,-1,9,-1,-1,8]],
["CmM7",12,[-1,-1,-1,-1,12,8]],
["CmM7",13,[-1,-1,9,-1,13,-1]],
["CmM7",14,[-1,14,10,-1,-1,-1]],
["CmM7",15,[-1,-1,10,-1,12,-1]],
["CmM7",16,[-1,15,-1,-1,12,-1]],
["CmM7",17,[-1,14,-1,-1,13,-1]],
["CmM7",18,[-1,-1,-1,16,13,-1]],
["CmM7",19,[-1,14,-1,17,-1,-1]],
["CmM7",20,[-1,15,-1,16,-1,-1]],
["C#M13",1,[-1,4,-1,-1,2,-1]],
["C#M13",2,[-1,4,-1,6,-1,-1]],
["C#M13",3,[9,-1,-1,6,-1,-1]],
["C#M13",4,[-1,-1,-1,6,-1,9]],
["C#M13",5,[9,-1,11,-1,-1,-1]],
["C#M13",6,[-1,-1,11,-1,-1,9]],
["C#M13",7,[-1,-1,11,-1,14,-1]],
["C#M13",8,[-1,16,-1,-1,14,-1]],
["C#M13",9,[-1,-1,-1,18,14,-1]],
["C#M13",10,[-1,16,-1,18,-1,-1]],
["C#M7sus2",1,[-1,4,1,-1,-1,-1]],
["C#M7sus2",2,[-1,-1,1,-1,2,-1]],
["C#M7sus2",3,[-1,4,-1,-1,4,-1]],
["C#M7sus2",4,[-1,-1,-1,6,4,-1]],
["C#M7sus2",5,[-1,6,-1,6,-1,-1]],
["C#M7sus2",6,[9,-1,-1,8,-1,-1]],
["C#M7sus2",7,[-1,-1,11,8,-1,-1]],
["C#M7sus2",8,[-1,-1,-1,8,-1,9]],
["C#M7sus2",9,[9,-1,13,-1,-1,-1]],
["C#M7sus2",10,[-1,-1,13,-1,-1,9]],
["C#M7sus2",11,[11,-1,11,-1,-1,-1]],
["C#M7sus2",12,[-1,-1,11,-1,-1,11]],
["C#M7sus2",13,[-1,-1,-1,-1,14,11]],
["C#M7sus2",14,[-1,16,13,-1,-1,-1]],
["C#M7sus2",15,[-1,-1,13,-1,14,-1]],
["C#M7sus2",16,[-1,18,-1,-1,14,-1]],
["C#M7sus2",17,[-1,16,-1,-1,16,-1]],
["C#M7sus2",18,[-1,-1,-1,18,16,-1]],
["C#M7sus2",19,[-1,18,-1,18,-1,-1]],
["C#maddb9",1,[-1,4,2,-1,-1,-1]],
["C#maddb9",2,[-1,-1,2,-1,2,-1]],
["C#maddb9",3,[-1,-1,-1,-1,2,0]],
["C#maddb9",4,[-1,4,-1,-1,5,-1]],
["C#maddb9",5,[-1,-1,-1,6,5,-1]],
["C#maddb9",6,[-1,7,-1,6,-1,-1]],
["C#maddb9",7,[-1,7,11,-1,-1,-1]],
["C#maddb9",8,[9,-1,-1,9,-1,-1]],
["C#maddb9",9,[-1,-1,11,9,-1,-1]],
["C#maddb9",10,[-1,-1,-1,9,-1,9]],
["C#maddb9",11,[12,-1,11,-1,-1,-1]],
["C#maddb9",12,[-1,-1,11,-1,-1,12]],
["C#maddb9",13,[-1,-1,-1,-1,14,12]],
["C#maddb9",14,[-1,16,14,-1,-1,-1]],
["C#maddb9",15,[-1,-1,14,18,-1,-1]],
["C#maddb9",16,[-1,-1,14,-1,14,-1]],
["C#maddb9",17,[-1,16,-1,-1,17,-1]],
["C#maddb9",18,[-1,-1,-1,18,17,-1]],
["C#Maddb9",1,[-1,-1,-1,-1,2,1]],
["C#Maddb9",2,[-1,-1,3,-1,2,-1]],
["C#Maddb9",3,[-1,4,3,-1,-1,-1]],
["C#Maddb9",4,[-1,-1,3,6,-1,-1]],
["C#Maddb9",5,[-1,4,-1,-1,6,-1]],
["C#Maddb9",6,[-1,8,-1,6,-1,-1]],
["C#Maddb9",7,[-1,-1,-1,6,6,-1]],
["C#Maddb9",8,[-1,-1,-1,-1,6,9]],
["C#Maddb9",9,[-1,8,11,-1,-1,-1]],
["C#Maddb9",10,[9,-1,-1,10,-1,-1]],
["C#Maddb9",11,[-1,-1,-1,10,-1,9]],
["C#Maddb9",12,[-1,-1,11,10,-1,-1]],
["C#Maddb9",13,[-1,-1,-1,10,14,-1]],
["C#Maddb9",14,[13,-1,11,-1,-1,-1]],
["C#Maddb9",15,[-1,-1,11,-1,-1,13]],
["C#Maddb9",16,[-1,-1,-1,-1,14,13]],
["C#Maddb9",17,[-1,-1,15,-1,14,-1]],
["C#Maddb9",18,[-1,16,15,-1,-1,-1]],
["C#Maddb9",19,[-1,-1,15,18,-1,-1]],
["C#Maddb9",20,[-1,16,-1,-1,18,-1]],
["C#Maddb9",21,[-1,-1,-1,18,18,-1]],
["C#M7sus4",1,[-1,-1,4,-1,2,-1]],
["C#M7sus4",2,[-1,-1,-1,-1,2,2]],
["C#M7sus4",3,[-1,4,4,-1,-1,-1]],
["C#M7sus4",4,[-1,-1,4,6,-1,-1]],
["C#M7sus4",5,[-1,4,-1,-1,7,-1]],
["C#M7sus4",6,[-1,9,-1,6,-1,-1]],
["C#M7sus4",7,[-1,-1,-1,6,7,-1]],
["C#M7sus4",8,[-1,-1,11,-1,7,-1]],
["C#M7sus4",9,[-1,-1,-1,-1,7,9]],
["C#M7sus4",10,[-1,9,11,-1,-1,-1]],
["C#M7sus4",11,[9,-1,-1,11,-1,-1]],
["C#M7sus4",12,[-1,-1,-1,11,-1,9]],
["C#M7sus4",13,[14,-1,11,-1,-1,-1]],
["C#M7sus4",14,[-1,-1,11,11,-1,-1]],
["C#M7sus4",15,[-1,-1,-1,11,14,-1]],
["C#M7sus4",16,[-1,-1,11,-1,-1,14]],
["C#M7sus4",17,[14,-1,-1,18,-1,-1]],
["C#M7sus4",18,[-1,-1,16,-1,14,-1]],
["C#M7sus4",19,[-1,-1,-1,18,-1,14]],
["C#M7sus4",20,[-1,-1,-1,-1,14,14]],
["C#M7sus4",21,[-1,16,16,-1,-1,-1]],
["C#M7sus4",22,[-1,-1,16,18,-1,-1]],
["A#Madd#9",1,[-1,1,-1,-1,2,-1]],
["A#Madd#9",2,[-1,-1,-1,3,2,-1]],
["A#Madd#9",3,[-1,4,-1,3,-1,-1]],
["A#Madd#9",4,[6,-1,-1,6,-1,-1]],
["A#Madd#9",5,[-1,-1,8,6,-1,-1]],
["A#Madd#9",6,[-1,-1,-1,6,-1,6]],
["A#Madd#9",7,[9,-1,8,-1,-1,-1]],
["A#Madd#9",8,[-1,-1,8,-1,-1,9]],
["A#Madd#9",9,[-1,-1,-1,-1,11,9]],
["A#Madd#9",10,[-1,13,11,-1,-1,-1]],
["A#Madd#9",11,[-1,-1,11,15,-1,-1]],
["A#Madd#9",12,[-1,-1,11,-1,11,-1]],
["A#Madd#9",13,[-1,13,-1,-1,14,-1]],
["A#Madd#9",14,[-1,-1,-1,15,14,-1]],
["A#Madd#9",15,[-1,-1,-1,-1,14,18]],
["A#Madd#9",16,[-1,16,-1,15,-1,-1]],
["A#Madd#9",17,[18,-1,-1,18,-1,-1]],
["A#Madd#9",18,[-1,-1,-1,18,-1,18]],
["Bmadd9",1,[-1,2,-1,-1,2,-1]],
["Bmadd9",2,[-1,-1,-1,4,2,-1]],
["Bmadd9",3,[-1,4,-1,-1,0,-1]],
["Bmadd9",4,[-1,4,-1,4,-1,-1]],
["Bmadd9",5,[7,-1,-1,6,-1,-1]],
["Bmadd9",6,[-1,-1,9,6,-1,-1]],
["Bmadd9",7,[-1,-1,-1,6,-1,7]],
["Bmadd9",8,[7,-1,11,-1,-1,-1]],
["Bmadd9",9,[-1,-1,11,-1,-1,7]],
["Bmadd9",10,[9,-1,9,-1,-1,-1]],
["Bmadd9",11,[-1,-1,9,-1,-1,9]],
["Bmadd9",12,[-1,-1,-1,-1,12,9]],
["Bmadd9",13,[-1,14,11,-1,-1,-1]],
["Bmadd9",14,[-1,-1,11,-1,12,-1]],
["Bmadd9",15,[-1,16,-1,-1,12,-1]],
["Bmadd9",16,[-1,14,-1,18,-1,-1]],
["Bmadd9",17,[-1,14,-1,-1,14,-1]],
["Bmadd9",18,[-1,-1,-1,16,14,-1]],
["Bmadd9",19,[-1,16,-1,16,-1,-1]],
["C#mM7",1,[-1,4,-1,-1,1,-1]],
["C#mM7",2,[-1,3,-1,-1,2,-1]],
["C#mM7",3,[-1,-1,-1,5,2,-1]],
["C#mM7",4,[-1,3,-1,6,-1,-1]],
["C#mM7",5,[-1,4,-1,5,-1,-1]],
["C#mM7",6,[8,-1,-1,6,-1,-1]],
["C#mM7",7,[-1,-1,10,6,-1,-1]],
["C#mM7",8,[-1,-1,-1,6,-1,8]],
["C#mM7",9,[8,-1,11,-1,-1,-1]],
["C#mM7",10,[-1,-1,11,-1,-1,8]],
["C#mM7",11,[9,-1,10,-1,-1,-1]],
["C#mM7",12,[-1,-1,10,-1,-1,9]],
["C#mM7",13,[-1,-1,-1,-1,13,9]],
["C#mM7",14,[-1,-1,10,-1,14,-1]],
["C#mM7",15,[-1,15,11,-1,-1,-1]],
["C#mM7",16,[-1,-1,11,-1,13,-1]],
["C#mM7",17,[-1,16,-1,-1,13,-1]],
["C#mM7",18,[-1,15,-1,-1,14,-1]],
["C#mM7",19,[-1,-1,-1,17,14,-1]],
["C#mM7",20,[-1,15,-1,18,-1,-1]],
["C#mM7",21,[-1,16,-1,17,-1,-1]],
["DM13",1,[-1,-1,0,-1,3,-1]],
["DM13",2,[-1,5,-1,-1,3,-1]],
["DM13",3,[-1,5,-1,7,-1,-1]],
["DM13",4,[10,-1,-1,7,-1,-1]],
["DM13",5,[-1,-1,-1,7,-1,10]],
["DM13",6,[10,-1,12,-1,-1,-1]],
["DM13",7,[-1,-1,12,-1,-1,10]],
["DM13",8,[-1,-1,12,-1,15,-1]],
["DM13",9,[-1,17,-1,-1,15,-1]],
["DM7sus2",1,[0,-1,0,-1,-1,-1]],
["DM7sus2",2,[-1,-1,0,-1,-1,0]],
["DM7sus2",3,[-1,5,2,-1,-1,-1]],
["DM7sus2",4,[-1,-1,2,-1,3,-1]],
["DM7sus2",5,[-1,-1,-1,-1,3,0]],
["DM7sus2",6,[-1,5,-1,-1,5,-1]],
["DM7sus2",7,[-1,-1,-1,7,5,-1]],
["DM7sus2",8,[-1,7,-1,7,-1,-1]],
["DM7sus2",9,[10,-1,-1,9,-1,-1]],
["DM7sus2",10,[-1,-1,12,9,-1,-1]],
["DM7sus2",11,[-1,-1,-1,9,-1,10]],
["DM7sus2",12,[10,-1,14,-1,-1,-1]],
["DM7sus2",13,[-1,-1,14,-1,-1,10]],
["DM7sus2",14,[12,-1,12,-1,-1,-1]],
["DM7sus2",15,[-1,-1,12,-1,-1,12]],
["DM7sus2",16,[-1,-1,-1,-1,15,12]],
["DM7sus2",17,[-1,17,14,-1,-1,-1]],
["DM7sus2",18,[-1,-1,14,-1,15,-1]],
["DM7sus2",19,[-1,17,-1,-1,17,-1]],
["Dmaddb9",1,[1,-1,0,-1,-1,-1]],
["Dmaddb9",2,[-1,-1,0,-1,-1,1]],
["Dmaddb9",3,[-1,-1,-1,-1,3,1]],
["Dmaddb9",4,[-1,5,3,-1,-1,-1]],
["Dmaddb9",5,[-1,-1,3,-1,3,-1]],
["Dmaddb9",6,[-1,5,-1,-1,6,-1]],
["Dmaddb9",7,[-1,-1,-1,7,6,-1]],
["Dmaddb9",8,[-1,-1,-1,-1,6,10]],
["Dmaddb9",9,[-1,8,-1,7,-1,-1]],
["Dmaddb9",10,[-1,8,12,-1,-1,-1]],
["Dmaddb9",11,[10,-1,-1,10,-1,-1]],
["Dmaddb9",12,[-1,-1,12,10,-1,-1]],
["Dmaddb9",13,[-1,-1,-1,10,-1,10]],
["Dmaddb9",14,[13,-1,12,-1,-1,-1]],
["Dmaddb9",15,[-1,-1,12,-1,-1,13]],
["Dmaddb9",16,[-1,-1,-1,-1,15,13]],
["Dmaddb9",17,[-1,17,15,-1,-1,-1]],
["Dmaddb9",18,[-1,-1,15,-1,15,-1]],
["Dmaddb9",19,[-1,17,-1,-1,18,-1]],
["DMaddb9",1,[2,-1,0,-1,-1,-1]],
["DMaddb9",2,[-1,-1,0,-1,-1,2]],
["DMaddb9",3,[-1,-1,-1,-1,3,2]],
["DMaddb9",4,[-1,-1,4,-1,3,-1]],
["DMaddb9",5,[-1,5,4,-1,-1,-1]],
["DMaddb9",6,[-1,-1,4,7,-1,-1]],
["DMaddb9",7,[-1,5,-1,-1,7,-1]],
["DMaddb9",8,[-1,9,-1,7,-1,-1]],
["DMaddb9",9,[-1,-1,-1,7,7,-1]],
["DMaddb9",10,[-1,-1,-1,-1,7,10]],
["DMaddb9",11,[-1,9,12,-1,-1,-1]],
["DMaddb9",12,[10,-1,-1,11,-1,-1]],
["DMaddb9",13,[-1,-1,-1,11,-1,10]],
["DMaddb9",14,[-1,-1,12,11,-1,-1]],
["DMaddb9",15,[-1,-1,-1,11,15,-1]],
["DMaddb9",16,[14,-1,12,-1,-1,-1]],
["DMaddb9",17,[-1,-1,12,-1,-1,14]],
["DMaddb9",18,[-1,-1,-1,-1,15,14]],
["DMaddb9",19,[-1,-1,16,-1,15,-1]],
["DMaddb9",20,[-1,17,16,-1,-1,-1]],
["DM7sus4",1,[-1,-1,0,0,-1,-1]],
["DM7sus4",2,[3,-1,0,-1,-1,-1]],
["DM7sus4",3,[-1,-1,-1,0,3,-1]],
["DM7sus4",4,[-1,-1,5,-1,3,-1]],
["DM7sus4",5,[-1,-1,0,-1,-1,3]],
["DM7sus4",6,[-1,-1,-1,-1,3,3]],
["DM7sus4",7,[-1,5,5,-1,-1,-1]],
["DM7sus4",8,[-1,-1,5,7,-1,-1]],
["DM7sus4",9,[-1,5,-1,-1,8,-1]],
["DM7sus4",10,[-1,10,-1,7,-1,-1]],
["DM7sus4",11,[-1,-1,-1,7,8,-1]],
["DM7sus4",12,[-1,-1,12,-1,8,-1]],
["DM7sus4",13,[-1,-1,-1,-1,8,10]],
["DM7sus4",14,[-1,10,12,-1,-1,-1]],
["DM7sus4",15,[10,-1,-1,12,-1,-1]],
["DM7sus4",16,[-1,-1,-1,12,-1,10]],
["DM7sus4",17,[15,-1,12,-1,-1,-1]],
["DM7sus4",18,[-1,-1,12,12,-1,-1]],
["DM7sus4",19,[-1,-1,-1,12,15,-1]],
["DM7sus4",20,[-1,-1,12,-1,-1,15]],
["DM7sus4",21,[-1,-1,17,-1,15,-1]],
["DM7sus4",22,[-1,-1,-1,-1,15,15]],
["DM7sus4",23,[-1,17,17,-1,-1,-1]],
["BMadd#9",1,[-1,-1,0,-1,0,-1]],
["BMadd#9",2,[-1,2,0,-1,-1,-1]],
["BMadd#9",3,[-1,2,-1,-1,3,-1]],
["BMadd#9",4,[-1,-1,-1,4,3,-1]],
["BMadd#9",5,[-1,-1,0,4,-1,-1]],
["BMadd#9",6,[-1,5,-1,4,-1,-1]],
["BMadd#9",7,[7,-1,-1,7,-1,-1]],
["BMadd#9",8,[-1,-1,9,7,-1,-1]],
["BMadd#9",9,[-1,-1,-1,7,-1,7]],
["BMadd#9",10,[10,-1,9,-1,-1,-1]],
["BMadd#9",11,[-1,-1,9,-1,-1,10]],
["BMadd#9",12,[-1,-1,-1,-1,12,10]],
["BMadd#9",13,[-1,14,12,-1,-1,-1]],
["BMadd#9",14,[-1,-1,12,16,-1,-1]],
["BMadd#9",15,[-1,-1,12,-1,12,-1]],
["BMadd#9",16,[-1,14,-1,-1,15,-1]],
["BMadd#9",17,[-1,-1,-1,16,15,-1]],
["BMadd#9",18,[-1,17,-1,16,-1,-1]],
["Cmadd9",1,[-1,-1,0,-1,1,-1]],
["Cmadd9",2,[-1,3,0,-1,-1,-1]],
["Cmadd9",3,[-1,3,-1,-1,3,-1]],
["Cmadd9",4,[-1,-1,-1,5,3,-1]],
["Cmadd9",5,[-1,5,-1,5,-1,-1]],
["Cmadd9",6,[8,-1,-1,7,-1,-1]],
["Cmadd9",7,[-1,-1,10,7,-1,-1]],
["Cmadd9",8,[-1,-1,-1,7,-1,8]],
["Cmadd9",9,[8,-1,12,-1,-1,-1]],
["Cmadd9",10,[-1,-1,12,-1,-1,8]],
["Cmadd9",11,[10,-1,10,-1,-1,-1]],
["Cmadd9",12,[-1,-1,10,-1,-1,10]],
["Cmadd9",13,[-1,-1,-1,-1,13,10]],
["Cmadd9",14,[-1,15,12,-1,-1,-1]],
["Cmadd9",15,[-1,-1,12,-1,13,-1]],
["Cmadd9",16,[-1,17,-1,-1,13,-1]],
["Cmadd9",17,[-1,15,-1,-1,15,-1]],
["Cmadd9",18,[-1,-1,-1,17,15,-1]],
["Cmadd9",19,[-1,17,-1,17,-1,-1]],
["DmM7",1,[-1,-1,0,-1,2,-1]],
["DmM7",2,[-1,5,-1,-1,2,-1]],
["DmM7",3,[-1,4,-1,-1,3,-1]],
["DmM7",4,[-1,-1,-1,6,3,-1]],
["DmM7",5,[-1,4,0,-1,-1,-1]],
["DmM7",6,[-1,4,-1,7,-1,-1]],
["DmM7",7,[-1,5,-1,6,-1,-1]],
["DmM7",8,[10,-1,-1,6,-1,-1]],
["DmM7",9,[-1,-1,-1,6,-1,10]],
["DmM7",10,[9,-1,-1,7,-1,-1]],
["DmM7",11,[-1,-1,11,7,-1,-1]],
["DmM7",12,[-1,-1,-1,7,-1,9]],
["DmM7",13,[9,-1,12,-1,-1,-1]],
["DmM7",14,[-1,-1,12,-1,-1,9]],
["DmM7",15,[10,-1,11,-1,-1,-1]],
["DmM7",16,[-1,-1,11,-1,-1,10]],
["DmM7",17,[-1,-1,-1,-1,14,10]],
["DmM7",18,[-1,-1,11,-1,15,-1]],
["DmM7",19,[-1,16,12,-1,-1,-1]],
["DmM7",20,[-1,-1,12,-1,14,-1]],
["DmM7",21,[-1,17,-1,-1,14,-1]],
["DmM7",22,[-1,16,-1,-1,15,-1]],
["DmM7",23,[-1,-1,-1,18,15,-1]],
["DmM7",24,[-1,17,-1,18,-1,-1]],
["D#M13",1,[-1,-1,1,-1,4,-1]],
["D#M13",2,[-1,6,-1,-1,4,-1]],
["D#M13",3,[-1,6,-1,8,-1,-1]],
["D#M13",4,[11,-1,-1,8,-1,-1]],
["D#M13",5,[-1,-1,-1,8,-1,11]],
["D#M13",6,[11,-1,13,-1,-1,-1]],
["D#M13",7,[-1,-1,13,-1,-1,11]],
["D#M13",8,[-1,-1,13,-1,16,-1]],
["D#M13",9,[-1,18,-1,-1,16,-1]],
["D#M7sus2",1,[1,-1,1,-1,-1,-1]],
["D#M7sus2",2,[-1,-1,1,-1,-1,1]],
["D#M7sus2",3,[-1,-1,-1,-1,4,1]],
["D#M7sus2",4,[-1,6,3,-1,-1,-1]],
["D#M7sus2",5,[-1,-1,3,-1,4,-1]],
["D#M7sus2",6,[-1,6,-1,10,-1,-1]],
["D#M7sus2",7,[-1,6,-1,-1,6,-1]],
["D#M7sus2",8,[-1,-1,-1,8,6,-1]],
["D#M7sus2",9,[-1,8,-1,8,-1,-1]],
["D#M7sus2",10,[11,-1,-1,10,-1,-1]],
["D#M7sus2",11,[-1,-1,13,10,-1,-1]],
["D#M7sus2",12,[-1,-1,-1,10,-1,11]],
["D#M7sus2",13,[11,-1,15,-1,-1,-1]],
["D#M7sus2",14,[-1,-1,15,-1,-1,11]],
["D#M7sus2",15,[13,-1,13,-1,-1,-1]],
["D#M7sus2",16,[-1,-1,13,-1,-1,13]],
["D#M7sus2",17,[-1,-1,-1,-1,16,13]],
["D#M7sus2",18,[-1,18,15,-1,-1,-1]],
["D#M7sus2",19,[-1,-1,15,-1,16,-1]],
["D#M7sus2",20,[-1,18,-1,-1,18,-1]],
["D#maddb9",1,[2,-1,1,-1,-1,-1]],
["D#maddb9",2,[-1,-1,1,-1,-1,2]],
["D#maddb9",3,[-1,-1,-1,-1,4,2]],
["D#maddb9",4,[-1,6,4,-1,-1,-1]],
["D#maddb9",5,[-1,-1,4,-1,4,-1]],
["D#maddb9",6,[-1,6,-1,-1,7,-1]],
["D#maddb9",7,[-1,-1,-1,8,7,-1]],
["D#maddb9",8,[-1,-1,-1,-1,7,11]],
["D#maddb9",9,[-1,9,-1,8,-1,-1]],
["D#maddb9",10,[-1,9,13,-1,-1,-1]],
["D#maddb9",11,[11,-1,-1,11,-1,-1]],
["D#maddb9",12,[-1,-1,13,11,-1,-1]],
["D#maddb9",13,[-1,-1,-1,11,-1,11]],
["D#maddb9",14,[14,-1,13,-1,-1,-1]],
["D#maddb9",15,[-1,-1,13,-1,-1,14]],
["D#maddb9",16,[-1,-1,-1,-1,16,14]],
["D#maddb9",17,[-1,18,16,-1,-1,-1]],
["D#maddb9",18,[-1,-1,16,-1,16,-1]],
["D#Maddb9",1,[3,-1,1,-1,-1,-1]],
["D#Maddb9",2,[-1,-1,1,0,-1,-1]],
["D#Maddb9",3,[-1,-1,1,-1,-1,3]],
["D#Maddb9",4,[-1,-1,-1,-1,4,3]],
["D#Maddb9",5,[-1,-1,-1,0,4,-1]],
["D#Maddb9",6,[-1,-1,5,-1,4,-1]],
["D#Maddb9",7,[-1,6,5,-1,-1,-1]],
["D#Maddb9",8,[-1,-1,5,8,-1,-1]],
["D#Maddb9",9,[-1,6,-1,-1,8,-1]],
["D#Maddb9",10,[-1,10,-1,8,-1,-1]],
["D#Maddb9",11,[-1,-1,-1,8,8,-1]],
["D#Maddb9",12,[-1,-1,-1,-1,8,11]],
["D#Maddb9",13,[-1,10,13,-1,-1,-1]],
["D#Maddb9",14,[11,-1,-1,12,-1,-1]],
["D#Maddb9",15,[-1,-1,-1,12,-1,11]],
["D#Maddb9",16,[-1,-1,13,12,-1,-1]],
["D#Maddb9",17,[-1,-1,-1,12,16,-1]],
["D#Maddb9",18,[15,-1,13,-1,-1,-1]],
["D#Maddb9",19,[-1,-1,13,-1,-1,15]],
["D#Maddb9",20,[-1,-1,-1,-1,16,15]],
["D#Maddb9",21,[-1,-1,17,-1,16,-1]],
["D#Maddb9",22,[-1,18,17,-1,-1,-1]],
["D#M7sus4",1,[4,-1,1,-1,-1,-1]],
["D#M7sus4",2,[-1,-1,1,1,-1,-1]],
["D#M7sus4",3,[-1,-1,-1,1,4,-1]],
["D#M7sus4",4,[-1,-1,1,-1,-1,4]],
["D#M7sus4",5,[-1,-1,6,-1,4,-1]],
["D#M7sus4",6,[-1,-1,-1,-1,4,4]],
["D#M7sus4",7,[-1,6,6,-1,-1,-1]],
["D#M7sus4",8,[-1,-1,6,8,-1,-1]],
["D#M7sus4",9,[-1,6,-1,-1,9,-1]],
["D#M7sus4",10,[-1,11,-1,8,-1,-1]],
["D#M7sus4",11,[-1,-1,-1,8,9,-1]],
["D#M7sus4",12,[-1,-1,13,-1,9,-1]],
["D#M7sus4",13,[-1,-1,-1,-1,9,11]],
["D#M7sus4",14,[-1,11,13,-1,-1,-1]],
["D#M7sus4",15,[11,-1,-1,13,-1,-1]],
["D#M7sus4",16,[-1,-1,-1,13,-1,11]],
["D#M7sus4",17,[16,-1,13,-1,-1,-1]],
["D#M7sus4",18,[-1,-1,13,13,-1,-1]],
["D#M7sus4",19,[-1,-1,-1,13,16,-1]],
["D#M7sus4",20,[-1,-1,13,-1,-1,16]],
["D#M7sus4",21,[-1,-1,18,-1,16,-1]],
["D#M7sus4",22,[-1,-1,-1,-1,16,16]],
["D#M7sus4",23,[-1,18,18,-1,-1,-1]],
["CMadd#9",1,[-1,3,1,-1,-1,-1]],
["CMadd#9",2,[-1,-1,1,-1,1,-1]],
["CMadd#9",3,[-1,3,-1,-1,4,-1]],
["CMadd#9",4,[-1,-1,-1,5,4,-1]],
["CMadd#9",5,[-1,6,-1,5,-1,-1]],
["CMadd#9",6,[-1,6,10,-1,-1,-1]],
["CMadd#9",7,[8,-1,-1,8,-1,-1]],
["CMadd#9",8,[-1,-1,10,8,-1,-1]],
["CMadd#9",9,[-1,-1,-1,8,-1,8]],
["CMadd#9",10,[11,-1,10,-1,-1,-1]],
["CMadd#9",11,[-1,-1,10,-1,-1,11]],
["CMadd#9",12,[-1,-1,-1,-1,13,11]],
["CMadd#9",13,[-1,15,13,-1,-1,-1]],
["CMadd#9",14,[-1,-1,13,17,-1,-1]],
["CMadd#9",15,[-1,-1,13,-1,13,-1]],
["CMadd#9",16,[-1,15,-1,-1,16,-1]],
["CMadd#9",17,[-1,-1,-1,17,16,-1]],
["CMadd#9",18,[-1,18,-1,17,-1,-1]],
["C#madd9",1,[-1,4,1,-1,-1,-1]],
["C#madd9",2,[-1,-1,1,-1,2,-1]],
["C#madd9",3,[-1,4,-1,-1,4,-1]],
["C#madd9",4,[-1,-1,-1,6,4,-1]],
["C#madd9",5,[-1,6,-1,6,-1,-1]],
["C#madd9",6,[9,-1,-1,8,-1,-1]],
["C#madd9",7,[-1,-1,11,8,-1,-1]],
["C#madd9",8,[-1,-1,-1,8,-1,9]],
["C#madd9",9,[9,-1,13,-1,-1,-1]],
["C#madd9",10,[-1,-1,13,-1,-1,9]],
["C#madd9",11,[11,-1,11,-1,-1,-1]],
["C#madd9",12,[-1,-1,11,-1,-1,11]],
["C#madd9",13,[-1,-1,-1,-1,14,11]],
["C#madd9",14,[-1,16,13,-1,-1,-1]],
["C#madd9",15,[-1,-1,13,-1,14,-1]],
["C#madd9",16,[-1,18,-1,-1,14,-1]],
["C#madd9",17,[-1,16,-1,-1,16,-1]],
["C#madd9",18,[-1,-1,-1,18,16,-1]],
["C#madd9",19,[-1,18,-1,18,-1,-1]],
["D#mM7",1,[-1,-1,1,-1,3,-1]],
["D#mM7",2,[-1,6,-1,-1,3,-1]],
["D#mM7",3,[-1,-1,0,-1,4,-1]],
["D#mM7",4,[-1,5,-1,-1,4,-1]],
["D#mM7",5,[-1,-1,-1,7,4,-1]],
["D#mM7",6,[-1,5,-1,8,-1,-1]],
["D#mM7",7,[-1,6,-1,7,-1,-1]],
["D#mM7",8,[11,-1,-1,7,-1,-1]],
["D#mM7",9,[-1,-1,-1,7,-1,11]],
["D#mM7",10,[10,-1,-1,8,-1,-1]],
["D#mM7",11,[-1,-1,12,8,-1,-1]],
["D#mM7",12,[-1,-1,-1,8,-1,10]],
["D#mM7",13,[10,-1,13,-1,-1,-1]],
["D#mM7",14,[-1,-1,13,-1,-1,10]],
["D#mM7",15,[11,-1,12,-1,-1,-1]],
["D#mM7",16,[-1,-1,12,-1,-1,11]],
["D#mM7",17,[-1,-1,-1,-1,15,11]],
["D#mM7",18,[-1,-1,12,-1,16,-1]],
["D#mM7",19,[-1,17,13,-1,-1,-1]],
["D#mM7",20,[-1,-1,13,-1,15,-1]],
["D#mM7",21,[-1,18,-1,-1,15,-1]],
["D#mM7",22,[-1,17,-1,-1,16,-1]],
["EM13",1,[0,-1,2,-1,-1,-1]],
["EM13",2,[-1,-1,2,-1,-1,0]],
["EM13",3,[-1,-1,2,-1,5,-1]],
["EM13",4,[-1,7,-1,-1,5,-1]],
["EM13",5,[-1,7,-1,9,-1,-1]],
["EM13",6,[12,-1,-1,9,-1,-1]],
["EM13",7,[-1,-1,-1,9,-1,12]],
["EM13",8,[12,-1,14,-1,-1,-1]],
["EM13",9,[-1,-1,14,-1,-1,12]],
["EM13",10,[-1,-1,14,-1,17,-1]],
["EM7sus2",1,[2,-1,2,-1,-1,-1]],
["EM7sus2",2,[-1,-1,2,-1,-1,2]],
["EM7sus2",3,[-1,-1,-1,-1,5,2]],
["EM7sus2",4,[0,-1,4,-1,-1,-1]],
["EM7sus2",5,[-1,7,4,-1,-1,-1]],
["EM7sus2",6,[-1,-1,4,-1,-1,0]],
["EM7sus2",7,[-1,-1,4,-1,5,-1]],
["EM7sus2",8,[-1,7,-1,11,-1,-1]],
["EM7sus2",9,[-1,7,-1,-1,7,-1]],
["EM7sus2",10,[-1,-1,-1,9,7,-1]],
["EM7sus2",11,[-1,9,-1,9,-1,-1]],
["EM7sus2",12,[12,-1,-1,11,-1,-1]],
["EM7sus2",13,[-1,-1,14,11,-1,-1]],
["EM7sus2",14,[-1,-1,-1,11,-1,12]],
["EM7sus2",15,[12,-1,16,-1,-1,-1]],
["EM7sus2",16,[-1,-1,16,-1,-1,12]],
["EM7sus2",17,[14,-1,14,-1,-1,-1]],
["EM7sus2",18,[-1,-1,14,-1,-1,14]],
["EM7sus2",19,[-1,-1,-1,-1,17,14]],
["EM7sus2",20,[-1,-1,16,-1,17,-1]],
["Emaddb9",1,[0,-1,-1,0,-1,-1]],
["Emaddb9",2,[-1,-1,-1,0,-1,0]],
["Emaddb9",3,[3,-1,2,-1,-1,-1]],
["Emaddb9",4,[-1,-1,2,0,-1,-1]],
["Emaddb9",5,[-1,-1,2,-1,-1,3]],
["Emaddb9",6,[-1,-1,-1,-1,5,3]],
["Emaddb9",7,[-1,7,5,-1,-1,-1]],
["Emaddb9",8,[-1,-1,5,-1,5,-1]],
["Emaddb9",9,[-1,7,-1,-1,8,-1]],
["Emaddb9",10,[-1,-1,-1,9,8,-1]],
["Emaddb9",11,[-1,-1,-1,-1,8,12]],
["Emaddb9",12,[-1,10,-1,9,-1,-1]],
["Emaddb9",13,[-1,10,14,-1,-1,-1]],
["Emaddb9",14,[12,-1,-1,12,-1,-1]],
["Emaddb9",15,[-1,-1,14,12,-1,-1]],
["Emaddb9",16,[-1,-1,-1,12,-1,12]],
["Emaddb9",17,[15,-1,14,-1,-1,-1]],
["Emaddb9",18,[-1,-1,14,-1,-1,15]],
["Emaddb9",19,[-1,-1,-1,-1,17,15]],
["Emaddb9",20,[-1,-1,17,-1,17,-1]],
["EMaddb9",1,[0,-1,-1,1,-1,-1]],
["EMaddb9",2,[-1,-1,2,1,-1,-1]],
["EMaddb9",3,[-1,-1,-1,1,-1,0]],
["EMaddb9",4,[4,-1,2,-1,-1,-1]],
["EMaddb9",5,[-1,-1,2,-1,-1,4]],
["EMaddb9",6,[-1,-1,-1,-1,5,4]],
["EMaddb9",7,[-1,-1,6,-1,5,-1]],
["EMaddb9",8,[-1,7,6,-1,-1,-1]],
["EMaddb9",9,[-1,-1,6,9,-1,-1]],
["EMaddb9",10,[-1,7,-1,-1,9,-1]],
["EMaddb9",11,[-1,11,-1,9,-1,-1]],
["EMaddb9",12,[-1,-1,-1,9,9,-1]],
["EMaddb9",13,[-1,-1,-1,-1,9,12]],
["EMaddb9",14,[-1,11,14,-1,-1,-1]],
["EMaddb9",15,[12,-1,-1,13,-1,-1]],
["EMaddb9",16,[-1,-1,-1,13,-1,12]],
["EMaddb9",17,[-1,-1,14,13,-1,-1]],
["EMaddb9",18,[-1,-1,-1,13,17,-1]],
["EMaddb9",19,[16,-1,14,-1,-1,-1]],
["EMaddb9",20,[-1,-1,14,-1,-1,16]],
["EMaddb9",21,[-1,-1,-1,-1,17,16]],
["EMaddb9",22,[-1,-1,18,-1,17,-1]],
["EM7sus4",1,[-1,0,2,-1,-1,-1]],
["EM7sus4",2,[5,-1,2,-1,-1,-1]],
["EM7sus4",3,[0,-1,-1,2,-1,-1]],
["EM7sus4",4,[-1,-1,2,2,-1,-1]],
["EM7sus4",5,[-1,-1,-1,2,-1,0]],
["EM7sus4",6,[-1,-1,-1,2,5,-1]],
["EM7sus4",7,[-1,-1,2,-1,-1,5]],
["EM7sus4",8,[-1,-1,7,-1,5,-1]],
["EM7sus4",9,[-1,-1,-1,-1,5,5]],
["EM7sus4",10,[-1,7,7,-1,-1,-1]],
["EM7sus4",11,[-1,-1,7,9,-1,-1]],
["EM7sus4",12,[-1,7,-1,-1,10,-1]],
["EM7sus4",13,[-1,12,-1,9,-1,-1]],
["EM7sus4",14,[-1,-1,-1,9,10,-1]],
["EM7sus4",15,[-1,-1,14,-1,10,-1]],
["EM7sus4",16,[-1,-1,-1,-1,10,12]],
["EM7sus4",17,[-1,12,14,-1,-1,-1]],
["EM7sus4",18,[12,-1,-1,14,-1,-1]],
["EM7sus4",19,[-1,-1,-1,14,-1,12]],
["EM7sus4",20,[17,-1,14,-1,-1,-1]],
["EM7sus4",21,[-1,-1,14,14,-1,-1]],
["EM7sus4",22,[-1,-1,-1,14,17,-1]],
["EM7sus4",23,[-1,-1,14,-1,-1,17]],
["EM7sus4",24,[-1,-1,-1,-1,17,17]],
["C#Madd#9",1,[-1,4,2,-1,-1,-1]],
["C#Madd#9",2,[-1,-1,2,-1,2,-1]],
["C#Madd#9",3,[-1,-1,-1,-1,2,0]],
["C#Madd#9",4,[-1,4,-1,-1,5,-1]],
["C#Madd#9",5,[-1,-1,-1,6,5,-1]],
["C#Madd#9",6,[-1,7,-1,6,-1,-1]],
["C#Madd#9",7,[-1,7,11,-1,-1,-1]],
["C#Madd#9",8,[9,-1,-1,9,-1,-1]],
["C#Madd#9",9,[-1,-1,11,9,-1,-1]],
["C#Madd#9",10,[-1,-1,-1,9,-1,9]],
["C#Madd#9",11,[12,-1,11,-1,-1,-1]],
["C#Madd#9",12,[-1,-1,11,-1,-1,12]],
["C#Madd#9",13,[-1,-1,-1,-1,14,12]],
["C#Madd#9",14,[-1,16,14,-1,-1,-1]],
["C#Madd#9",15,[-1,-1,14,18,-1,-1]],
["C#Madd#9",16,[-1,-1,14,-1,14,-1]],
["C#Madd#9",17,[-1,16,-1,-1,17,-1]],
["C#Madd#9",18,[-1,-1,-1,18,17,-1]],
["Dmadd9",1,[0,-1,0,-1,-1,-1]],
["Dmadd9",2,[-1,-1,0,-1,-1,0]],
["Dmadd9",3,[-1,5,2,-1,-1,-1]],
["Dmadd9",4,[-1,-1,2,-1,3,-1]],
["Dmadd9",5,[-1,-1,-1,-1,3,0]],
["Dmadd9",6,[-1,5,-1,-1,5,-1]],
["Dmadd9",7,[-1,-1,-1,7,5,-1]],
["Dmadd9",8,[-1,7,-1,7,-1,-1]],
["Dmadd9",9,[10,-1,-1,9,-1,-1]],
["Dmadd9",10,[-1,-1,12,9,-1,-1]],
["Dmadd9",11,[-1,-1,-1,9,-1,10]],
["Dmadd9",12,[10,-1,14,-1,-1,-1]],
["Dmadd9",13,[-1,-1,14,-1,-1,10]],
["Dmadd9",14,[12,-1,12,-1,-1,-1]],
["Dmadd9",15,[-1,-1,12,-1,-1,12]],
["Dmadd9",16,[-1,-1,-1,-1,15,12]],
["Dmadd9",17,[-1,17,14,-1,-1,-1]],
["Dmadd9",18,[-1,-1,14,-1,15,-1]],
["Dmadd9",19,[-1,17,-1,-1,17,-1]],
["EmM7",1,[0,-1,1,-1,-1,-1]],
["EmM7",2,[-1,-1,1,-1,-1,0]],
["EmM7",3,[-1,-1,2,-1,4,-1]],
["EmM7",4,[-1,7,-1,-1,4,-1]],
["EmM7",5,[-1,-1,-1,-1,4,0]],
["EmM7",6,[-1,6,-1,-1,5,-1]],
["EmM7",7,[-1,-1,-1,8,5,-1]],
["EmM7",8,[-1,6,-1,9,-1,-1]],
["EmM7",9,[-1,7,-1,8,-1,-1]],
["EmM7",10,[12,-1,-1,8,-1,-1]],
["EmM7",11,[-1,-1,-1,8,-1,12]],
["EmM7",12,[11,-1,-1,9,-1,-1]],
["EmM7",13,[-1,-1,13,9,-1,-1]],
["EmM7",14,[-1,-1,-1,9,-1,11]],
["EmM7",15,[11,-1,14,-1,-1,-1]],
["EmM7",16,[-1,-1,14,-1,-1,11]],
["EmM7",17,[12,-1,13,-1,-1,-1]],
["EmM7",18,[-1,-1,13,-1,-1,12]],
["EmM7",19,[-1,-1,-1,-1,16,12]],
["EmM7",20,[-1,-1,13,-1,17,-1]],
["EmM7",21,[-1,18,14,-1,-1,-1]],
["EmM7",22,[-1,-1,14,-1,16,-1]],
["EmM7",23,[-1,18,-1,-1,17,-1]],
["FM13",1,[1,-1,3,-1,-1,-1]],
["FM13",2,[-1,-1,3,-1,-1,1]],
["FM13",3,[-1,-1,3,-1,6,-1]],
["FM13",4,[-1,8,-1,-1,6,-1]],
["FM13",5,[-1,-1,-1,10,6,-1]],
["FM13",6,[-1,8,-1,10,-1,-1]],
["FM13",7,[13,-1,-1,10,-1,-1]],
["FM13",8,[-1,-1,-1,10,-1,13]],
["FM13",9,[13,-1,15,-1,-1,-1]],
["FM13",10,[-1,-1,15,-1,-1,13]],
["FM13",11,[-1,-1,15,-1,18,-1]],
["FM7sus2",1,[1,-1,-1,0,-1,-1]],
["FM7sus2",2,[-1,-1,-1,0,-1,1]],
["FM7sus2",3,[3,-1,3,-1,-1,-1]],
["FM7sus2",4,[-1,-1,3,0,-1,-1]],
["FM7sus2",5,[-1,-1,3,-1,-1,3]],
["FM7sus2",6,[-1,-1,-1,-1,6,3]],
["FM7sus2",7,[-1,8,5,-1,-1,-1]],
["FM7sus2",8,[-1,-1,5,-1,6,-1]],
["FM7sus2",9,[-1,10,-1,-1,6,-1]],
["FM7sus2",10,[-1,8,-1,12,-1,-1]],
["FM7sus2",11,[-1,8,-1,-1,8,-1]],
["FM7sus2",12,[-1,-1,-1,10,8,-1]],
["FM7sus2",13,[-1,10,-1,10,-1,-1]],
["FM7sus2",14,[13,-1,-1,12,-1,-1]],
["FM7sus2",15,[-1,-1,15,12,-1,-1]],
["FM7sus2",16,[-1,-1,-1,12,-1,13]],
["FM7sus2",17,[13,-1,17,-1,-1,-1]],
["FM7sus2",18,[-1,-1,17,-1,-1,13]],
["FM7sus2",19,[15,-1,15,-1,-1,-1]],
["FM7sus2",20,[-1,-1,15,-1,-1,15]],
["FM7sus2",21,[-1,-1,-1,-1,18,15]],
["FM7sus2",22,[-1,-1,17,-1,18,-1]],
["Fmaddb9",1,[1,-1,-1,1,-1,-1]],
["Fmaddb9",2,[-1,-1,3,1,-1,-1]],
["Fmaddb9",3,[-1,-1,-1,1,-1,1]],
["Fmaddb9",4,[4,-1,3,-1,-1,-1]],
["Fmaddb9",5,[-1,-1,3,-1,-1,4]],
["Fmaddb9",6,[-1,-1,-1,-1,6,4]],
["Fmaddb9",7,[-1,8,6,-1,-1,-1]],
["Fmaddb9",8,[-1,-1,6,10,-1,-1]],
["Fmaddb9",9,[-1,-1,6,-1,6,-1]],
["Fmaddb9",10,[-1,8,-1,-1,9,-1]],
["Fmaddb9",11,[-1,-1,-1,10,9,-1]],
["Fmaddb9",12,[-1,-1,-1,-1,9,13]],
["Fmaddb9",13,[-1,11,-1,10,-1,-1]],
["Fmaddb9",14,[-1,11,15,-1,-1,-1]],
["Fmaddb9",15,[13,-1,-1,13,-1,-1]],
["Fmaddb9",16,[-1,-1,15,13,-1,-1]],
["Fmaddb9",17,[-1,-1,-1,13,-1,13]],
["Fmaddb9",18,[16,-1,15,-1,-1,-1]],
["Fmaddb9",19,[-1,-1,15,-1,-1,16]],
["Fmaddb9",20,[-1,-1,-1,-1,18,16]],
["Fmaddb9",21,[-1,-1,18,-1,18,-1]],
["FMaddb9",1,[1,-1,-1,2,-1,-1]],
["FMaddb9",2,[-1,-1,-1,2,-1,1]],
["FMaddb9",3,[-1,-1,3,2,-1,-1]],
["FMaddb9",4,[-1,0,3,-1,-1,-1]],
["FMaddb9",5,[5,-1,3,-1,-1,-1]],
["FMaddb9",6,[-1,-1,3,-1,-1,5]],
["FMaddb9",7,[-1,-1,-1,-1,6,5]],
["FMaddb9",8,[-1,-1,7,-1,6,-1]],
["FMaddb9",9,[-1,8,7,-1,-1,-1]],
["FMaddb9",10,[-1,-1,7,10,-1,-1]],
["FMaddb9",11,[-1,8,-1,-1,10,-1]],
["FMaddb9",12,[-1,12,-1,10,-1,-1]],
["FMaddb9",13,[-1,-1,-1,10,10,-1]],
["FMaddb9",14,[-1,-1,-1,-1,10,13]],
["FMaddb9",15,[-1,12,15,-1,-1,-1]],
["FMaddb9",16,[13,-1,-1,14,-1,-1]],
["FMaddb9",17,[-1,-1,-1,14,-1,13]],
["FMaddb9",18,[-1,-1,15,14,-1,-1]],
["FMaddb9",19,[-1,-1,-1,14,18,-1]],
["FMaddb9",20,[17,-1,15,-1,-1,-1]],
["FMaddb9",21,[-1,-1,15,-1,-1,17]],
["FMaddb9",22,[-1,-1,-1,-1,18,17]],
["FM7sus4",1,[-1,1,3,-1,-1,-1]],
["FM7sus4",2,[1,-1,-1,3,-1,-1]],
["FM7sus4",3,[-1,-1,-1,3,-1,1]],
["FM7sus4",4,[6,-1,3,-1,-1,-1]],
["FM7sus4",5,[-1,-1,3,3,-1,-1]],
["FM7sus4",6,[-1,-1,-1,3,6,-1]],
["FM7sus4",7,[-1,-1,3,-1,-1,6]],
["FM7sus4",8,[6,-1,-1,10,-1,-1]],
["FM7sus4",9,[-1,-1,8,-1,6,-1]],
["FM7sus4",10,[-1,-1,-1,10,-1,6]],
["FM7sus4",11,[-1,-1,-1,-1,6,6]],
["FM7sus4",12,[-1,8,8,-1,-1,-1]],
["FM7sus4",13,[-1,-1,8,10,-1,-1]],
["FM7sus4",14,[-1,8,-1,-1,11,-1]],
["FM7sus4",15,[-1,13,-1,10,-1,-1]],
["FM7sus4",16,[-1,-1,-1,10,11,-1]],
["FM7sus4",17,[-1,-1,15,-1,11,-1]],
["FM7sus4",18,[-1,-1,-1,-1,11,13]],
["FM7sus4",19,[-1,13,15,-1,-1,-1]],
["FM7sus4",20,[13,-1,-1,15,-1,-1]],
["FM7sus4",21,[-1,-1,-1,15,-1,13]],
["FM7sus4",22,[18,-1,15,-1,-1,-1]],
["FM7sus4",23,[-1,-1,15,15,-1,-1]],
["FM7sus4",24,[-1,-1,-1,15,18,-1]],
["FM7sus4",25,[-1,-1,15,-1,-1,18]],
["FM7sus4",26,[-1,-1,-1,-1,18,18]],
["DMadd#9",1,[1,-1,0,-1,-1,-1]],
["DMadd#9",2,[-1,-1,0,-1,-1,1]],
["DMadd#9",3,[-1,-1,-1,-1,3,1]],
["DMadd#9",4,[-1,5,3,-1,-1,-1]],
["DMadd#9",5,[-1,-1,3,-1,3,-1]],
["DMadd#9",6,[-1,5,-1,-1,6,-1]],
["DMadd#9",7,[-1,-1,-1,7,6,-1]],
["DMadd#9",8,[-1,-1,-1,-1,6,10]],
["DMadd#9",9,[-1,8,-1,7,-1,-1]],
["DMadd#9",10,[-1,8,12,-1,-1,-1]],
["DMadd#9",11,[10,-1,-1,10,-1,-1]],
["DMadd#9",12,[-1,-1,12,10,-1,-1]],
["DMadd#9",13,[-1,-1,-1,10,-1,10]],
["DMadd#9",14,[13,-1,12,-1,-1,-1]],
["DMadd#9",15,[-1,-1,12,-1,-1,13]],
["DMadd#9",16,[-1,-1,-1,-1,15,13]],
["DMadd#9",17,[-1,17,15,-1,-1,-1]],
["DMadd#9",18,[-1,-1,15,-1,15,-1]],
["DMadd#9",19,[-1,17,-1,-1,18,-1]],
["D#madd9",1,[1,-1,1,-1,-1,-1]],
["D#madd9",2,[-1,-1,1,-1,-1,1]],
["D#madd9",3,[-1,-1,-1,-1,4,1]],
["D#madd9",4,[-1,6,3,-1,-1,-1]],
["D#madd9",5,[-1,-1,3,-1,4,-1]],
["D#madd9",6,[-1,6,-1,10,-1,-1]],
["D#madd9",7,[-1,6,-1,-1,6,-1]],
["D#madd9",8,[-1,-1,-1,8,6,-1]],
["D#madd9",9,[-1,8,-1,8,-1,-1]],
["D#madd9",10,[11,-1,-1,10,-1,-1]],
["D#madd9",11,[-1,-1,13,10,-1,-1]],
["D#madd9",12,[-1,-1,-1,10,-1,11]],
["D#madd9",13,[11,-1,15,-1,-1,-1]],
["D#madd9",14,[-1,-1,15,-1,-1,11]],
["D#madd9",15,[13,-1,13,-1,-1,-1]],
["D#madd9",16,[-1,-1,13,-1,-1,13]],
["D#madd9",17,[-1,-1,-1,-1,16,13]],
["D#madd9",18,[-1,18,15,-1,-1,-1]],
["D#madd9",19,[-1,-1,15,-1,16,-1]],
["D#madd9",20,[-1,18,-1,-1,18,-1]],
["FmM7",1,[1,-1,2,-1,-1,-1]],
["FmM7",2,[-1,-1,2,-1,-1,1]],
["FmM7",3,[0,-1,3,-1,-1,-1]],
["FmM7",4,[-1,-1,3,-1,-1,0]],
["FmM7",5,[-1,-1,3,-1,5,-1]],
["FmM7",6,[-1,8,-1,-1,5,-1]],
["FmM7",7,[-1,7,-1,-1,6,-1]],
["FmM7",8,[-1,-1,-1,9,6,-1]],
["FmM7",9,[-1,7,-1,10,-1,-1]],
["FmM7",10,[-1,8,-1,9,-1,-1]],
["FmM7",11,[13,-1,-1,9,-1,-1]],
["FmM7",12,[-1,-1,-1,9,-1,13]],
["FmM7",13,[12,-1,-1,10,-1,-1]],
["FmM7",14,[-1,-1,14,10,-1,-1]],
["FmM7",15,[-1,-1,-1,10,-1,12]],
["FmM7",16,[12,-1,15,-1,-1,-1]],
["FmM7",17,[-1,-1,15,-1,-1,12]],
["FmM7",18,[13,-1,14,-1,-1,-1]],
["FmM7",19,[-1,-1,14,-1,-1,13]],
["FmM7",20,[-1,-1,-1,-1,17,13]],
["FmM7",21,[-1,-1,14,-1,18,-1]],
["FmM7",22,[-1,-1,15,-1,17,-1]],
["F#M13",1,[2,-1,4,-1,-1,-1]],
["F#M13",2,[-1,-1,4,-1,-1,2]],
["F#M13",3,[-1,-1,4,-1,7,-1]],
["F#M13",4,[-1,9,-1,-1,7,-1]],
["F#M13",5,[-1,-1,-1,11,7,-1]],
["F#M13",6,[-1,9,-1,11,-1,-1]],
["F#M13",7,[14,-1,-1,11,-1,-1]],
["F#M13",8,[-1,-1,-1,11,-1,14]],
["F#M13",9,[14,-1,16,-1,-1,-1]],
["F#M13",10,[-1,-1,16,-1,-1,14]],
["F#M7sus2",1,[2,-1,-1,1,-1,-1]],
["F#M7sus2",2,[-1,-1,4,1,-1,-1]],
["F#M7sus2",3,[-1,-1,-1,1,-1,2]],
["F#M7sus2",4,[4,-1,4,-1,-1,-1]],
["F#M7sus2",5,[-1,-1,4,-1,-1,4]],
["F#M7sus2",6,[-1,-1,-1,-1,7,4]],
["F#M7sus2",7,[-1,9,6,-1,-1,-1]],
["F#M7sus2",8,[-1,-1,6,-1,7,-1]],
["F#M7sus2",9,[-1,11,-1,-1,7,-1]],
["F#M7sus2",10,[-1,9,-1,13,-1,-1]],
["F#M7sus2",11,[-1,9,-1,-1,9,-1]],
["F#M7sus2",12,[-1,-1,-1,11,9,-1]],
["F#M7sus2",13,[-1,11,-1,11,-1,-1]],
["F#M7sus2",14,[14,-1,-1,13,-1,-1]],
["F#M7sus2",15,[-1,-1,16,13,-1,-1]],
["F#M7sus2",16,[-1,-1,-1,13,-1,14]],
["F#M7sus2",17,[14,-1,18,-1,-1,-1]],
["F#M7sus2",18,[-1,-1,18,-1,-1,14]],
["F#M7sus2",19,[16,-1,16,-1,-1,-1]],
["F#M7sus2",20,[-1,-1,16,-1,-1,16]],
["F#maddb9",1,[2,-1,-1,2,-1,-1]],
["F#maddb9",2,[-1,-1,4,2,-1,-1]],
["F#maddb9",3,[-1,-1,-1,2,-1,2]],
["F#maddb9",4,[-1,0,4,-1,-1,-1]],
["F#maddb9",5,[5,-1,4,-1,-1,-1]],
["F#maddb9",6,[-1,-1,4,-1,-1,5]],
["F#maddb9",7,[-1,-1,-1,-1,7,5]],
["F#maddb9",8,[-1,9,7,-1,-1,-1]],
["F#maddb9",9,[-1,-1,7,11,-1,-1]],
["F#maddb9",10,[-1,-1,7,-1,7,-1]],
["F#maddb9",11,[-1,9,-1,-1,10,-1]],
["F#maddb9",12,[-1,-1,-1,11,10,-1]],
["F#maddb9",13,[-1,-1,-1,-1,10,14]],
["F#maddb9",14,[-1,12,-1,11,-1,-1]],
["F#maddb9",15,[-1,12,16,-1,-1,-1]],
["F#maddb9",16,[14,-1,-1,14,-1,-1]],
["F#maddb9",17,[-1,-1,16,14,-1,-1]],
["F#maddb9",18,[-1,-1,-1,14,-1,14]],
["F#maddb9",19,[17,-1,16,-1,-1,-1]],
["F#maddb9",20,[-1,-1,16,-1,-1,17]],
["F#Maddb9",1,[-1,1,4,-1,-1,-1]],
["F#Maddb9",2,[2,-1,-1,3,-1,-1]],
["F#Maddb9",3,[-1,-1,-1,3,-1,2]],
["F#Maddb9",4,[-1,-1,4,3,-1,-1]],
["F#Maddb9",5,[6,-1,4,-1,-1,-1]],
["F#Maddb9",6,[-1,-1,4,-1,-1,6]],
["F#Maddb9",7,[-1,-1,-1,-1,7,6]],
["F#Maddb9",8,[-1,-1,8,-1,7,-1]],
["F#Maddb9",9,[-1,9,8,-1,-1,-1]],
["F#Maddb9",10,[-1,-1,8,11,-1,-1]],
["F#Maddb9",11,[-1,9,-1,-1,11,-1]],
["F#Maddb9",12,[-1,13,-1,11,-1,-1]],
["F#Maddb9",13,[-1,-1,-1,11,11,-1]],
["F#Maddb9",14,[-1,-1,-1,-1,11,14]],
["F#Maddb9",15,[-1,13,16,-1,-1,-1]],
["F#Maddb9",16,[14,-1,-1,15,-1,-1]],
["F#Maddb9",17,[-1,-1,-1,15,-1,14]],
["F#Maddb9",18,[-1,-1,16,15,-1,-1]],
["F#Maddb9",19,[18,-1,16,-1,-1,-1]],
["F#Maddb9",20,[-1,-1,16,-1,-1,18]],
["F#M7sus4",1,[-1,2,4,-1,-1,-1]],
["F#M7sus4",2,[2,-1,-1,4,-1,-1]],
["F#M7sus4",3,[-1,-1,-1,-1,0,2]],
["F#M7sus4",4,[-1,-1,-1,4,-1,2]],
["F#M7sus4",5,[7,-1,4,-1,-1,-1]],
["F#M7sus4",6,[-1,-1,4,-1,0,-1]],
["F#M7sus4",7,[-1,-1,4,4,-1,-1]],
["F#M7sus4",8,[-1,-1,-1,4,7,-1]],
["F#M7sus4",9,[-1,-1,4,-1,-1,7]],
["F#M7sus4",10,[7,-1,-1,11,-1,-1]],
["F#M7sus4",11,[-1,-1,9,-1,7,-1]],
["F#M7sus4",12,[-1,-1,-1,11,-1,7]],
["F#M7sus4",13,[-1,-1,-1,-1,7,7]],
["F#M7sus4",14,[-1,9,9,-1,-1,-1]],
["F#M7sus4",15,[-1,-1,9,11,-1,-1]],
["F#M7sus4",16,[-1,9,-1,-1,12,-1]],
["F#M7sus4",17,[-1,14,-1,11,-1,-1]],
["F#M7sus4",18,[-1,-1,-1,11,12,-1]],
["F#M7sus4",19,[-1,-1,16,-1,12,-1]],
["F#M7sus4",20,[-1,-1,-1,-1,12,14]],
["F#M7sus4",21,[-1,14,16,-1,-1,-1]],
["F#M7sus4",22,[14,-1,-1,16,-1,-1]],
["F#M7sus4",23,[-1,-1,-1,16,-1,14]],
["F#M7sus4",24,[-1,-1,16,16,-1,-1]],
["D#Madd#9",1,[2,-1,1,-1,-1,-1]],
["D#Madd#9",2,[-1,-1,1,-1,-1,2]],
["D#Madd#9",3,[-1,-1,-1,-1,4,2]],
["D#Madd#9",4,[-1,6,4,-1,-1,-1]],
["D#Madd#9",5,[-1,-1,4,-1,4,-1]],
["D#Madd#9",6,[-1,6,-1,-1,7,-1]],
["D#Madd#9",7,[-1,-1,-1,8,7,-1]],
["D#Madd#9",8,[-1,-1,-1,-1,7,11]],
["D#Madd#9",9,[-1,9,-1,8,-1,-1]],
["D#Madd#9",10,[-1,9,13,-1,-1,-1]],
["D#Madd#9",11,[11,-1,-1,11,-1,-1]],
["D#Madd#9",12,[-1,-1,13,11,-1,-1]],
["D#Madd#9",13,[-1,-1,-1,11,-1,11]],
["D#Madd#9",14,[14,-1,13,-1,-1,-1]],
["D#Madd#9",15,[-1,-1,13,-1,-1,14]],
["D#Madd#9",16,[-1,-1,-1,-1,16,14]],
["D#Madd#9",17,[-1,18,16,-1,-1,-1]],
["D#Madd#9",18,[-1,-1,16,-1,16,-1]],
["Emadd9",1,[2,-1,2,-1,-1,-1]],
["Emadd9",2,[-1,-1,2,-1,-1,2]],
["Emadd9",3,[-1,-1,-1,-1,5,2]],
["Emadd9",4,[0,-1,4,-1,-1,-1]],
["Emadd9",5,[-1,7,4,-1,-1,-1]],
["Emadd9",6,[-1,-1,4,-1,-1,0]],
["Emadd9",7,[-1,-1,4,-1,5,-1]],
["Emadd9",8,[-1,7,-1,11,-1,-1]],
["Emadd9",9,[-1,7,-1,-1,7,-1]],
["Emadd9",10,[-1,-1,-1,9,7,-1]],
["Emadd9",11,[-1,9,-1,9,-1,-1]],
["Emadd9",12,[12,-1,-1,11,-1,-1]],
["Emadd9",13,[-1,-1,14,11,-1,-1]],
["Emadd9",14,[-1,-1,-1,11,-1,12]],
["Emadd9",15,[12,-1,16,-1,-1,-1]],
["Emadd9",16,[-1,-1,16,-1,-1,12]],
["Emadd9",17,[14,-1,14,-1,-1,-1]],
["Emadd9",18,[-1,-1,14,-1,-1,14]],
["Emadd9",19,[-1,-1,-1,-1,17,14]],
["Emadd9",20,[-1,-1,16,-1,17,-1]],
["F#mM7",1,[1,-1,4,-1,-1,-1]],
["F#mM7",2,[-1,-1,4,-1,-1,1]],
["F#mM7",3,[2,-1,3,-1,-1,-1]],
["F#mM7",4,[-1,-1,3,-1,-1,2]],
["F#mM7",5,[-1,-1,4,-1,6,-1]],
["F#mM7",6,[-1,9,-1,-1,6,-1]],
["F#mM7",7,[-1,8,-1,-1,7,-1]],
["F#mM7",8,[-1,-1,-1,10,7,-1]],
["F#mM7",9,[-1,8,-1,11,-1,-1]],
["F#mM7",10,[-1,9,-1,10,-1,-1]],
["F#mM7",11,[14,-1,-1,10,-1,-1]],
["F#mM7",12,[-1,-1,-1,10,-1,14]],
["F#mM7",13,[13,-1,-1,11,-1,-1]],
["F#mM7",14,[-1,-1,15,11,-1,-1]],
["F#mM7",15,[-1,-1,-1,11,-1,13]],
["F#mM7",16,[13,-1,16,-1,-1,-1]],
["F#mM7",17,[-1,-1,16,-1,-1,13]],
["F#mM7",18,[14,-1,15,-1,-1,-1]],
["F#mM7",19,[-1,-1,15,-1,-1,14]],
["F#mM7",20,[-1,-1,-1,-1,18,14]],
["F#mM7",21,[-1,-1,16,-1,18,-1]],
["GM13",1,[3,-1,-1,0,-1,-1]],
["GM13",2,[3,-1,5,-1,-1,-1]],
["GM13",3,[-1,-1,-1,0,-1,3]],
["GM13",4,[-1,-1,5,-1,-1,3]],
["GM13",5,[-1,-1,5,-1,8,-1]],
["GM13",6,[-1,10,-1,-1,8,-1]],
["GM13",7,[-1,-1,-1,12,8,-1]],
["GM13",8,[-1,10,-1,12,-1,-1]],
["GM13",9,[15,-1,-1,12,-1,-1]],
["GM13",10,[-1,-1,-1,12,-1,15]],
["GM13",11,[15,-1,17,-1,-1,-1]],
["GM13",12,[-1,-1,17,-1,-1,15]],
["GM7sus2",1,[-1,0,-1,0,-1,-1]],
["GM7sus2",2,[3,-1,-1,2,-1,-1]],
["GM7sus2",3,[-1,-1,5,2,-1,-1]],
["GM7sus2",4,[-1,-1,-1,2,-1,3]],
["GM7sus2",5,[5,-1,5,-1,-1,-1]],
["GM7sus2",6,[-1,-1,5,-1,-1,5]],
["GM7sus2",7,[-1,-1,-1,-1,8,5]],
["GM7sus2",8,[-1,10,7,-1,-1,-1]],
["GM7sus2",9,[-1,-1,7,-1,8,-1]],
["GM7sus2",10,[-1,12,-1,-1,8,-1]],
["GM7sus2",11,[-1,10,-1,14,-1,-1]],
["GM7sus2",12,[-1,10,-1,-1,10,-1]],
["GM7sus2",13,[-1,-1,-1,12,10,-1]],
["GM7sus2",14,[-1,12,-1,12,-1,-1]],
["GM7sus2",15,[15,-1,-1,14,-1,-1]],
["GM7sus2",16,[-1,-1,17,14,-1,-1]],
["GM7sus2",17,[-1,-1,-1,14,-1,15]],
["GM7sus2",18,[17,-1,17,-1,-1,-1]],
["GM7sus2",19,[-1,-1,17,-1,-1,17]],
["Gmaddb9",1,[-1,1,-1,0,-1,-1]],
["Gmaddb9",2,[3,-1,-1,3,-1,-1]],
["Gmaddb9",3,[-1,-1,5,3,-1,-1]],
["Gmaddb9",4,[-1,-1,-1,3,-1,3]],
["Gmaddb9",5,[6,-1,5,-1,-1,-1]],
["Gmaddb9",6,[-1,-1,5,-1,-1,6]],
["Gmaddb9",7,[-1,-1,-1,-1,8,6]],
["Gmaddb9",8,[-1,10,8,-1,-1,-1]],
["Gmaddb9",9,[-1,-1,8,12,-1,-1]],
["Gmaddb9",10,[-1,-1,8,-1,8,-1]],
["Gmaddb9",11,[-1,10,-1,-1,11,-1]],
["Gmaddb9",12,[-1,-1,-1,12,11,-1]],
["Gmaddb9",13,[-1,-1,-1,-1,11,15]],
["Gmaddb9",14,[-1,13,-1,12,-1,-1]],
["Gmaddb9",15,[-1,13,17,-1,-1,-1]],
["Gmaddb9",16,[15,-1,-1,15,-1,-1]],
["Gmaddb9",17,[-1,-1,17,15,-1,-1]],
["Gmaddb9",18,[-1,-1,-1,15,-1,15]],
["Gmaddb9",19,[18,-1,17,-1,-1,-1]],
["Gmaddb9",20,[-1,-1,17,-1,-1,18]],
["GMaddb9",1,[-1,-1,-1,0,0,-1]],
["GMaddb9",2,[-1,2,-1,0,-1,-1]],
["GMaddb9",3,[-1,2,5,-1,-1,-1]],
["GMaddb9",4,[3,-1,-1,4,-1,-1]],
["GMaddb9",5,[-1,-1,-1,-1,0,3]],
["GMaddb9",6,[-1,-1,-1,4,-1,3]],
["GMaddb9",7,[-1,-1,5,4,-1,-1]],
["GMaddb9",8,[7,-1,5,-1,-1,-1]],
["GMaddb9",9,[-1,-1,5,-1,-1,7]],
["GMaddb9",10,[-1,-1,-1,-1,8,7]],
["GMaddb9",11,[-1,-1,9,-1,8,-1]],
["GMaddb9",12,[-1,10,9,-1,-1,-1]],
["GMaddb9",13,[-1,-1,9,12,-1,-1]],
["GMaddb9",14,[-1,10,-1,-1,12,-1]],
["GMaddb9",15,[-1,14,-1,12,-1,-1]],
["GMaddb9",16,[-1,-1,-1,12,12,-1]],
["GMaddb9",17,[-1,-1,-1,-1,12,15]],
["GMaddb9",18,[-1,14,17,-1,-1,-1]],
["GMaddb9",19,[15,-1,-1,16,-1,-1]],
["GMaddb9",20,[-1,-1,-1,16,-1,15]],
["GMaddb9",21,[-1,-1,17,16,-1,-1]],
["GM7sus4",1,[-1,-1,-1,0,1,-1]],
["GM7sus4",2,[-1,-1,-1,-1,1,3]],
["GM7sus4",3,[-1,3,-1,0,-1,-1]],
["GM7sus4",4,[-1,3,5,-1,-1,-1]],
["GM7sus4",5,[3,-1,-1,5,-1,-1]],
["GM7sus4",6,[-1,-1,-1,5,-1,3]],
["GM7sus4",7,[8,-1,5,-1,-1,-1]],
["GM7sus4",8,[-1,-1,5,5,-1,-1]],
["GM7sus4",9,[-1,-1,-1,5,8,-1]],
["GM7sus4",10,[-1,-1,5,-1,-1,8]],
["GM7sus4",11,[8,-1,-1,12,-1,-1]],
["GM7sus4",12,[-1,-1,10,-1,8,-1]],
["GM7sus4",13,[-1,-1,-1,12,-1,8]],
["GM7sus4",14,[-1,-1,-1,-1,8,8]],
["GM7sus4",15,[-1,10,10,-1,-1,-1]],
["GM7sus4",16,[-1,-1,10,12,-1,-1]],
["GM7sus4",17,[-1,10,-1,-1,13,-1]],
["GM7sus4",18,[-1,15,-1,12,-1,-1]],
["GM7sus4",19,[-1,-1,-1,12,13,-1]],
["GM7sus4",20,[-1,-1,17,-1,13,-1]],
["GM7sus4",21,[-1,-1,-1,-1,13,15]],
["GM7sus4",22,[-1,15,17,-1,-1,-1]],
["GM7sus4",23,[15,-1,-1,17,-1,-1]],
["GM7sus4",24,[-1,-1,-1,17,-1,15]],
["GM7sus4",25,[-1,-1,17,17,-1,-1]],
["EMadd#9",1,[0,-1,-1,0,-1,-1]],
["EMadd#9",2,[-1,-1,-1,0,-1,0]],
["EMadd#9",3,[3,-1,2,-1,-1,-1]],
["EMadd#9",4,[-1,-1,2,0,-1,-1]],
["EMadd#9",5,[-1,-1,2,-1,-1,3]],
["EMadd#9",6,[-1,-1,-1,-1,5,3]],
["EMadd#9",7,[-1,7,5,-1,-1,-1]],
["EMadd#9",8,[-1,-1,5,-1,5,-1]],
["EMadd#9",9,[-1,7,-1,-1,8,-1]],
["EMadd#9",10,[-1,-1,-1,9,8,-1]],
["EMadd#9",11,[-1,-1,-1,-1,8,12]],
["EMadd#9",12,[-1,10,-1,9,-1,-1]],
["EMadd#9",13,[-1,10,14,-1,-1,-1]],
["EMadd#9",14,[12,-1,-1,12,-1,-1]],
["EMadd#9",15,[-1,-1,14,12,-1,-1]],
["EMadd#9",16,[-1,-1,-1,12,-1,12]],
["EMadd#9",17,[15,-1,14,-1,-1,-1]],
["EMadd#9",18,[-1,-1,14,-1,-1,15]],
["EMadd#9",19,[-1,-1,-1,-1,17,15]],
["EMadd#9",20,[-1,-1,17,-1,17,-1]],
["Fmadd9",1,[1,-1,-1,0,-1,-1]],
["Fmadd9",2,[-1,-1,-1,0,-1,1]],
["Fmadd9",3,[3,-1,3,-1,-1,-1]],
["Fmadd9",4,[-1,-1,3,0,-1,-1]],
["Fmadd9",5,[-1,-1,3,-1,-1,3]],
["Fmadd9",6,[-1,-1,-1,-1,6,3]],
["Fmadd9",7,[-1,8,5,-1,-1,-1]],
["Fmadd9",8,[-1,-1,5,-1,6,-1]],
["Fmadd9",9,[-1,10,-1,-1,6,-1]],
["Fmadd9",10,[-1,8,-1,12,-1,-1]],
["Fmadd9",11,[-1,8,-1,-1,8,-1]],
["Fmadd9",12,[-1,-1,-1,10,8,-1]],
["Fmadd9",13,[-1,10,-1,10,-1,-1]],
["Fmadd9",14,[13,-1,-1,12,-1,-1]],
["Fmadd9",15,[-1,-1,15,12,-1,-1]],
["Fmadd9",16,[-1,-1,-1,12,-1,13]],
["Fmadd9",17,[13,-1,17,-1,-1,-1]],
["Fmadd9",18,[-1,-1,17,-1,-1,13]],
["Fmadd9",19,[15,-1,15,-1,-1,-1]],
["Fmadd9",20,[-1,-1,15,-1,-1,15]],
["Fmadd9",21,[-1,-1,-1,-1,18,15]],
["Fmadd9",22,[-1,-1,17,-1,18,-1]],
["GmM7",1,[2,-1,-1,0,-1,-1]],
["GmM7",2,[2,-1,5,-1,-1,-1]],
["GmM7",3,[-1,-1,-1,0,-1,2]],
["GmM7",4,[-1,-1,5,-1,-1,2]],
["GmM7",5,[3,-1,4,-1,-1,-1]],
["GmM7",6,[-1,-1,4,-1,-1,3]],
["GmM7",7,[-1,-1,4,0,-1,-1]],
["GmM7",8,[-1,-1,5,-1,7,-1]],
["GmM7",9,[-1,10,-1,-1,7,-1]],
["GmM7",10,[-1,9,-1,-1,8,-1]],
["GmM7",11,[-1,-1,-1,11,8,-1]],
["GmM7",12,[-1,9,-1,12,-1,-1]],
["GmM7",13,[-1,10,-1,11,-1,-1]],
["GmM7",14,[15,-1,-1,11,-1,-1]],
["GmM7",15,[-1,-1,-1,11,-1,15]],
["GmM7",16,[14,-1,-1,12,-1,-1]],
["GmM7",17,[-1,-1,16,12,-1,-1]],
["GmM7",18,[-1,-1,-1,12,-1,14]],
["GmM7",19,[14,-1,17,-1,-1,-1]],
["GmM7",20,[-1,-1,17,-1,-1,14]],
["GmM7",21,[15,-1,16,-1,-1,-1]],
["GmM7",22,[-1,-1,16,-1,-1,15]],
["G#M13",1,[4,-1,-1,1,-1,-1]],
["G#M13",2,[-1,-1,-1,1,-1,4]],
["G#M13",3,[4,-1,6,-1,-1,-1]],
["G#M13",4,[-1,-1,6,-1,-1,4]],
["G#M13",5,[-1,-1,6,-1,9,-1]],
["G#M13",6,[-1,11,-1,-1,9,-1]],
["G#M13",7,[-1,-1,-1,13,9,-1]],
["G#M13",8,[-1,11,-1,13,-1,-1]],
["G#M13",9,[16,-1,-1,13,-1,-1]],
["G#M13",10,[-1,-1,-1,13,-1,16]],
["G#M13",11,[16,-1,18,-1,-1,-1]],
["G#M13",12,[-1,-1,18,-1,-1,16]],
["G#M7sus2",1,[-1,1,-1,1,-1,-1]],
["G#M7sus2",2,[4,-1,-1,3,-1,-1]],
["G#M7sus2",3,[-1,-1,6,3,-1,-1]],
["G#M7sus2",4,[-1,-1,-1,3,-1,4]],
["G#M7sus2",5,[6,-1,6,-1,-1,-1]],
["G#M7sus2",6,[-1,-1,6,-1,-1,6]],
["G#M7sus2",7,[-1,-1,-1,-1,9,6]],
["G#M7sus2",8,[-1,11,8,-1,-1,-1]],
["G#M7sus2",9,[-1,-1,8,-1,9,-1]],
["G#M7sus2",10,[-1,13,-1,-1,9,-1]],
["G#M7sus2",11,[-1,11,-1,15,-1,-1]],
["G#M7sus2",12,[-1,11,-1,-1,11,-1]],
["G#M7sus2",13,[-1,-1,-1,13,11,-1]],
["G#M7sus2",14,[-1,13,-1,13,-1,-1]],
["G#M7sus2",15,[16,-1,-1,15,-1,-1]],
["G#M7sus2",16,[-1,-1,18,15,-1,-1]],
["G#M7sus2",17,[-1,-1,-1,15,-1,16]],
["G#M7sus2",18,[18,-1,18,-1,-1,-1]],
["G#M7sus2",19,[-1,-1,18,-1,-1,18]],
["G#maddb9",1,[-1,2,-1,1,-1,-1]],
["G#maddb9",2,[-1,-1,-1,1,0,-1]],
["G#maddb9",3,[4,-1,-1,4,-1,-1]],
["G#maddb9",4,[-1,-1,6,4,-1,-1]],
["G#maddb9",5,[-1,-1,-1,-1,0,4]],
["G#maddb9",6,[-1,-1,-1,4,-1,4]],
["G#maddb9",7,[7,-1,6,-1,-1,-1]],
["G#maddb9",8,[-1,-1,6,-1,-1,7]],
["G#maddb9",9,[-1,-1,-1,-1,9,7]],
["G#maddb9",10,[-1,11,9,-1,-1,-1]],
["G#maddb9",11,[-1,-1,9,13,-1,-1]],
["G#maddb9",12,[-1,-1,9,-1,9,-1]],
["G#maddb9",13,[-1,11,-1,-1,12,-1]],
["G#maddb9",14,[-1,-1,-1,13,12,-1]],
["G#maddb9",15,[-1,-1,-1,-1,12,16]],
["G#maddb9",16,[-1,14,-1,13,-1,-1]],
["G#maddb9",17,[-1,14,18,-1,-1,-1]],
["G#maddb9",18,[16,-1,-1,16,-1,-1]],
["G#maddb9",19,[-1,-1,18,16,-1,-1]],
["G#maddb9",20,[-1,-1,-1,16,-1,16]],
["G#Maddb9",1,[-1,3,-1,1,-1,-1]],
["G#Maddb9",2,[-1,-1,-1,1,1,-1]],
["G#Maddb9",3,[-1,-1,-1,-1,1,4]],
["G#Maddb9",4,[-1,3,6,-1,-1,-1]],
["G#Maddb9",5,[4,-1,-1,5,-1,-1]],
["G#Maddb9",6,[-1,-1,-1,5,-1,4]],
["G#Maddb9",7,[-1,-1,6,5,-1,-1]],
["G#Maddb9",8,[8,-1,6,-1,-1,-1]],
["G#Maddb9",9,[-1,-1,6,-1,-1,8]],
["G#Maddb9",10,[-1,-1,-1,-1,9,8]],
["G#Maddb9",11,[-1,-1,10,-1,9,-1]],
["G#Maddb9",12,[-1,11,10,-1,-1,-1]],
["G#Maddb9",13,[-1,-1,10,13,-1,-1]],
["G#Maddb9",14,[-1,11,-1,-1,13,-1]],
["G#Maddb9",15,[-1,15,-1,13,-1,-1]],
["G#Maddb9",16,[-1,-1,-1,13,13,-1]],
["G#Maddb9",17,[-1,-1,-1,-1,13,16]],
["G#Maddb9",18,[-1,15,18,-1,-1,-1]],
["G#Maddb9",19,[16,-1,-1,17,-1,-1]],
["G#Maddb9",20,[-1,-1,-1,17,-1,16]],
["G#Maddb9",21,[-1,-1,18,17,-1,-1]],
["G#M7sus4",1,[-1,4,-1,1,-1,-1]],
["G#M7sus4",2,[-1,-1,-1,1,2,-1]],
["G#M7sus4",3,[-1,-1,-1,-1,2,4]],
["G#M7sus4",4,[-1,4,6,-1,-1,-1]],
["G#M7sus4",5,[4,-1,-1,6,-1,-1]],
["G#M7sus4",6,[-1,-1,-1,6,-1,4]],
["G#M7sus4",7,[9,-1,6,-1,-1,-1]],
["G#M7sus4",8,[-1,-1,6,6,-1,-1]],
["G#M7sus4",9,[-1,-1,-1,6,9,-1]],
["G#M7sus4",10,[-1,-1,6,-1,-1,9]],
["G#M7sus4",11,[9,-1,-1,13,-1,-1]],
["G#M7sus4",12,[-1,-1,11,-1,9,-1]],
["G#M7sus4",13,[-1,-1,-1,13,-1,9]],
["G#M7sus4",14,[-1,-1,-1,-1,9,9]],
["G#M7sus4",15,[-1,11,11,-1,-1,-1]],
["G#M7sus4",16,[-1,-1,11,13,-1,-1]],
["G#M7sus4",17,[-1,11,-1,-1,14,-1]],
["G#M7sus4",18,[-1,16,-1,13,-1,-1]],
["G#M7sus4",19,[-1,-1,-1,13,14,-1]],
["G#M7sus4",20,[-1,-1,18,-1,14,-1]],
["G#M7sus4",21,[-1,-1,-1,-1,14,16]],
["G#M7sus4",22,[-1,16,18,-1,-1,-1]],
["G#M7sus4",23,[16,-1,-1,18,-1,-1]],
["G#M7sus4",24,[-1,-1,-1,18,-1,16]],
["G#M7sus4",25,[-1,-1,18,18,-1,-1]],
["FMadd#9",1,[1,-1,-1,1,-1,-1]],
["FMadd#9",2,[-1,-1,3,1,-1,-1]],
["FMadd#9",3,[-1,-1,-1,1,-1,1]],
["FMadd#9",4,[4,-1,3,-1,-1,-1]],
["FMadd#9",5,[-1,-1,3,-1,-1,4]],
["FMadd#9",6,[-1,-1,-1,-1,6,4]],
["FMadd#9",7,[-1,8,6,-1,-1,-1]],
["FMadd#9",8,[-1,-1,6,10,-1,-1]],
["FMadd#9",9,[-1,-1,6,-1,6,-1]],
["FMadd#9",10,[-1,8,-1,-1,9,-1]],
["FMadd#9",11,[-1,-1,-1,10,9,-1]],
["FMadd#9",12,[-1,-1,-1,-1,9,13]],
["FMadd#9",13,[-1,11,-1,10,-1,-1]],
["FMadd#9",14,[-1,11,15,-1,-1,-1]],
["FMadd#9",15,[13,-1,-1,13,-1,-1]],
["FMadd#9",16,[-1,-1,15,13,-1,-1]],
["FMadd#9",17,[-1,-1,-1,13,-1,13]],
["FMadd#9",18,[16,-1,15,-1,-1,-1]],
["FMadd#9",19,[-1,-1,15,-1,-1,16]],
["FMadd#9",20,[-1,-1,-1,-1,18,16]],
["FMadd#9",21,[-1,-1,18,-1,18,-1]],
["F#madd9",1,[2,-1,-1,1,-1,-1]],
["F#madd9",2,[-1,-1,4,1,-1,-1]],
["F#madd9",3,[-1,-1,-1,1,-1,2]],
["F#madd9",4,[4,-1,4,-1,-1,-1]],
["F#madd9",5,[-1,-1,4,-1,-1,4]],
["F#madd9",6,[-1,-1,-1,-1,7,4]],
["F#madd9",7,[-1,9,6,-1,-1,-1]],
["F#madd9",8,[-1,-1,6,-1,7,-1]],
["F#madd9",9,[-1,11,-1,-1,7,-1]],
["F#madd9",10,[-1,9,-1,13,-1,-1]],
["F#madd9",11,[-1,9,-1,-1,9,-1]],
["F#madd9",12,[-1,-1,-1,11,9,-1]],
["F#madd9",13,[-1,11,-1,11,-1,-1]],
["F#madd9",14,[14,-1,-1,13,-1,-1]],
["F#madd9",15,[-1,-1,16,13,-1,-1]],
["F#madd9",16,[-1,-1,-1,13,-1,14]],
["F#madd9",17,[14,-1,18,-1,-1,-1]],
["F#madd9",18,[-1,-1,18,-1,-1,14]],
["F#madd9",19,[16,-1,16,-1,-1,-1]],
["F#madd9",20,[-1,-1,16,-1,-1,16]],
["G#mM7",1,[3,-1,-1,1,-1,-1]],
["G#mM7",2,[-1,-1,-1,1,-1,3]],
["G#mM7",3,[3,-1,6,-1,-1,-1]],
["G#mM7",4,[-1,-1,6,-1,-1,3]],
["G#mM7",5,[4,-1,-1,0,-1,-1]],
["G#mM7",6,[4,-1,5,-1,-1,-1]],
["G#mM7",7,[-1,-1,-1,0,-1,4]],
["G#mM7",8,[-1,-1,5,-1,-1,4]],
["G#mM7",9,[-1,10,6,-1,-1,-1]],
["G#mM7",10,[-1,-1,6,-1,8,-1]],
["G#mM7",11,[-1,11,-1,-1,8,-1]],
["G#mM7",12,[-1,10,-1,-1,9,-1]],
["G#mM7",13,[-1,-1,-1,12,9,-1]],
["G#mM7",14,[-1,10,-1,13,-1,-1]],
["G#mM7",15,[-1,11,-1,12,-1,-1]],
["G#mM7",16,[16,-1,-1,12,-1,-1]],
["G#mM7",17,[-1,-1,-1,12,-1,16]],
["G#mM7",18,[15,-1,-1,13,-1,-1]],
["G#mM7",19,[-1,-1,17,13,-1,-1]],
["G#mM7",20,[-1,-1,-1,13,-1,15]],
["G#mM7",21,[15,-1,18,-1,-1,-1]],
["G#mM7",22,[-1,-1,18,-1,-1,15]],
["G#mM7",23,[16,-1,17,-1,-1,-1]],
["G#mM7",24,[-1,-1,17,-1,-1,16]],
["AM13",1,[-1,0,-1,2,-1,-1]],
["AM13",2,[5,-1,-1,2,-1,-1]],
["AM13",3,[-1,-1,-1,2,-1,5]],
["AM13",4,[5,-1,7,-1,-1,-1]],
["AM13",5,[-1,-1,7,-1,-1,5]],
["AM13",6,[-1,-1,7,-1,10,-1]],
["AM13",7,[-1,12,-1,-1,10,-1]],
["AM13",8,[-1,-1,-1,14,10,-1]],
["AM13",9,[-1,12,-1,14,-1,-1]],
["AM13",10,[17,-1,-1,14,-1,-1]],
["AM13",11,[-1,-1,-1,14,-1,17]],
["AM7sus2",1,[-1,0,-1,-1,0,-1]],
["AM7sus2",2,[-1,2,-1,2,-1,-1]],
["AM7sus2",3,[-1,-1,-1,2,0,-1]],
["AM7sus2",4,[-1,0,-1,4,-1,-1]],
["AM7sus2",5,[5,-1,-1,4,-1,-1]],
["AM7sus2",6,[-1,-1,7,4,-1,-1]],
["AM7sus2",7,[-1,-1,-1,4,-1,5]],
["AM7sus2",8,[7,-1,7,-1,-1,-1]],
["AM7sus2",9,[-1,-1,7,-1,-1,7]],
["AM7sus2",10,[-1,-1,-1,-1,10,7]],
["AM7sus2",11,[-1,12,9,-1,-1,-1]],
["AM7sus2",12,[-1,-1,9,-1,10,-1]],
["AM7sus2",13,[-1,14,-1,-1,10,-1]],
["AM7sus2",14,[-1,12,-1,16,-1,-1]],
["AM7sus2",15,[-1,12,-1,-1,12,-1]],
["AM7sus2",16,[-1,-1,-1,14,12,-1]],
["AM7sus2",17,[-1,14,-1,14,-1,-1]],
["AM7sus2",18,[17,-1,-1,16,-1,-1]],
["AM7sus2",19,[-1,-1,-1,16,-1,17]],
["Amaddb9",1,[-1,0,-1,-1,1,-1]],
["Amaddb9",2,[-1,-1,-1,2,1,-1]],
["Amaddb9",3,[-1,3,-1,2,-1,-1]],
["Amaddb9",4,[5,-1,-1,5,-1,-1]],
["Amaddb9",5,[-1,-1,7,5,-1,-1]],
["Amaddb9",6,[-1,-1,-1,5,-1,5]],
["Amaddb9",7,[8,-1,7,-1,-1,-1]],
["Amaddb9",8,[-1,-1,7,-1,-1,8]],
["Amaddb9",9,[-1,-1,-1,-1,10,8]],
["Amaddb9",10,[-1,12,10,-1,-1,-1]],
["Amaddb9",11,[-1,-1,10,14,-1,-1]],
["Amaddb9",12,[-1,-1,10,-1,10,-1]],
["Amaddb9",13,[-1,12,-1,-1,13,-1]],
["Amaddb9",14,[-1,-1,-1,14,13,-1]],
["Amaddb9",15,[-1,-1,-1,-1,13,17]],
["Amaddb9",16,[-1,15,-1,14,-1,-1]],
["Amaddb9",17,[17,-1,-1,17,-1,-1]],
["Amaddb9",18,[-1,-1,-1,17,-1,17]],
["AMaddb9",1,[-1,4,-1,2,-1,-1]],
["AMaddb9",2,[-1,0,-1,-1,2,-1]],
["AMaddb9",3,[-1,-1,-1,2,2,-1]],
["AMaddb9",4,[-1,-1,-1,-1,2,5]],
["AMaddb9",5,[-1,4,7,-1,-1,-1]],
["AMaddb9",6,[5,-1,-1,6,-1,-1]],
["AMaddb9",7,[-1,-1,-1,6,-1,5]],
["AMaddb9",8,[-1,-1,7,6,-1,-1]],
["AMaddb9",9,[-1,-1,-1,6,10,-1]],
["AMaddb9",10,[9,-1,7,-1,-1,-1]],
["AMaddb9",11,[-1,-1,7,-1,-1,9]],
["AMaddb9",12,[-1,-1,-1,-1,10,9]],
["AMaddb9",13,[-1,-1,11,-1,10,-1]],
["AMaddb9",14,[-1,12,11,-1,-1,-1]],
["AMaddb9",15,[-1,-1,11,14,-1,-1]],
["AMaddb9",16,[-1,12,-1,-1,14,-1]],
["AMaddb9",17,[-1,16,-1,14,-1,-1]],
["AMaddb9",18,[-1,-1,-1,14,14,-1]],
["AMaddb9",19,[-1,-1,-1,-1,14,17]],
["AMaddb9",20,[17,-1,-1,18,-1,-1]],
["AMaddb9",21,[-1,-1,-1,18,-1,17]],
["AM7sus4",1,[-1,0,0,-1,-1,-1]],
["AM7sus4",2,[-1,-1,0,2,-1,-1]],
["AM7sus4",3,[-1,5,-1,2,-1,-1]],
["AM7sus4",4,[-1,-1,-1,2,3,-1]],
["AM7sus4",5,[-1,0,-1,-1,3,-1]],
["AM7sus4",6,[-1,-1,-1,-1,3,5]],
["AM7sus4",7,[-1,5,7,-1,-1,-1]],
["AM7sus4",8,[5,-1,-1,7,-1,-1]],
["AM7sus4",9,[-1,-1,-1,7,-1,5]],
["AM7sus4",10,[10,-1,7,-1,-1,-1]],
["AM7sus4",11,[-1,-1,7,7,-1,-1]],
["AM7sus4",12,[-1,-1,-1,7,10,-1]],
["AM7sus4",13,[-1,-1,7,-1,-1,10]],
["AM7sus4",14,[10,-1,-1,14,-1,-1]],
["AM7sus4",15,[-1,-1,12,-1,10,-1]],
["AM7sus4",16,[-1,-1,-1,14,-1,10]],
["AM7sus4",17,[-1,-1,-1,-1,10,10]],
["AM7sus4",18,[-1,12,12,-1,-1,-1]],
["AM7sus4",19,[-1,-1,12,14,-1,-1]],
["AM7sus4",20,[-1,12,-1,-1,15,-1]],
["AM7sus4",21,[-1,17,-1,14,-1,-1]],
["AM7sus4",22,[-1,-1,-1,14,15,-1]],
["AM7sus4",23,[-1,-1,-1,-1,15,17]],
["F#Madd#9",1,[2,-1,-1,2,-1,-1]],
["F#Madd#9",2,[-1,-1,4,2,-1,-1]],
["F#Madd#9",3,[-1,-1,-1,2,-1,2]],
["F#Madd#9",4,[-1,0,4,-1,-1,-1]],
["F#Madd#9",5,[5,-1,4,-1,-1,-1]],
["F#Madd#9",6,[-1,-1,4,-1,-1,5]],
["F#Madd#9",7,[-1,-1,-1,-1,7,5]],
["F#Madd#9",8,[-1,9,7,-1,-1,-1]],
["F#Madd#9",9,[-1,-1,7,11,-1,-1]],
["F#Madd#9",10,[-1,-1,7,-1,7,-1]],
["F#Madd#9",11,[-1,9,-1,-1,10,-1]],
["F#Madd#9",12,[-1,-1,-1,11,10,-1]],
["F#Madd#9",13,[-1,-1,-1,-1,10,14]],
["F#Madd#9",14,[-1,12,-1,11,-1,-1]],
["F#Madd#9",15,[-1,12,16,-1,-1,-1]],
["F#Madd#9",16,[14,-1,-1,14,-1,-1]],
["F#Madd#9",17,[-1,-1,16,14,-1,-1]],
["F#Madd#9",18,[-1,-1,-1,14,-1,14]],
["F#Madd#9",19,[17,-1,16,-1,-1,-1]],
["F#Madd#9",20,[-1,-1,16,-1,-1,17]],
["Gmadd9",1,[-1,0,-1,0,-1,-1]],
["Gmadd9",2,[3,-1,-1,2,-1,-1]],
["Gmadd9",3,[-1,-1,5,2,-1,-1]],
["Gmadd9",4,[-1,-1,-1,2,-1,3]],
["Gmadd9",5,[5,-1,5,-1,-1,-1]],
["Gmadd9",6,[-1,-1,5,-1,-1,5]],
["Gmadd9",7,[-1,-1,-1,-1,8,5]],
["Gmadd9",8,[-1,10,7,-1,-1,-1]],
["Gmadd9",9,[-1,-1,7,-1,8,-1]],
["Gmadd9",10,[-1,12,-1,-1,8,-1]],
["Gmadd9",11,[-1,10,-1,14,-1,-1]],
["Gmadd9",12,[-1,10,-1,-1,10,-1]],
["Gmadd9",13,[-1,-1,-1,12,10,-1]],
["Gmadd9",14,[-1,12,-1,12,-1,-1]],
["Gmadd9",15,[15,-1,-1,14,-1,-1]],
["Gmadd9",16,[-1,-1,17,14,-1,-1]],
["Gmadd9",17,[-1,-1,-1,14,-1,15]],
["Gmadd9",18,[17,-1,17,-1,-1,-1]],
["Gmadd9",19,[-1,-1,17,-1,-1,17]],
["AmM7",1,[-1,0,-1,1,-1,-1]],
["AmM7",2,[4,-1,-1,2,-1,-1]],
["AmM7",3,[-1,-1,-1,2,-1,4]],
["AmM7",4,[4,-1,7,-1,-1,-1]],
["AmM7",5,[-1,-1,7,-1,-1,4]],
["AmM7",6,[5,-1,6,-1,-1,-1]],
["AmM7",7,[-1,-1,6,-1,-1,5]],
["AmM7",8,[-1,-1,6,-1,10,-1]],
["AmM7",9,[-1,11,7,-1,-1,-1]],
["AmM7",10,[-1,-1,7,-1,9,-1]],
["AmM7",11,[-1,12,-1,-1,9,-1]],
["AmM7",12,[-1,11,-1,-1,10,-1]],
["AmM7",13,[-1,-1,-1,13,10,-1]],
["AmM7",14,[-1,11,-1,14,-1,-1]],
["AmM7",15,[-1,12,-1,13,-1,-1]],
["AmM7",16,[17,-1,-1,13,-1,-1]],
["AmM7",17,[-1,-1,-1,13,-1,17]],
["AmM7",18,[16,-1,-1,14,-1,-1]],
["AmM7",19,[-1,-1,18,14,-1,-1]],
["AmM7",20,[-1,-1,-1,14,-1,16]],
["AmM7",21,[17,-1,18,-1,-1,-1]],
["AmM7",22,[-1,-1,18,-1,-1,17]],
["A#M13",1,[-1,1,-1,3,-1,-1]],
["A#M13",2,[6,-1,-1,3,-1,-1]],
["A#M13",3,[-1,-1,-1,3,-1,6]],
["A#M13",4,[6,-1,8,-1,-1,-1]],
["A#M13",5,[-1,-1,8,-1,-1,6]],
["A#M13",6,[-1,-1,8,-1,11,-1]],
["A#M13",7,[-1,13,-1,-1,11,-1]],
["A#M13",8,[-1,-1,-1,15,11,-1]],
["A#M13",9,[-1,13,-1,15,-1,-1]],
["A#M13",10,[18,-1,-1,15,-1,-1]],
["A#M13",11,[-1,-1,-1,15,-1,18]],
["A#M7sus2",1,[-1,1,-1,-1,1,-1]],
["A#M7sus2",2,[-1,-1,-1,3,1,-1]],
["A#M7sus2",3,[-1,3,-1,3,-1,-1]],
["A#M7sus2",4,[6,-1,-1,5,-1,-1]],
["A#M7sus2",5,[-1,-1,8,5,-1,-1]],
["A#M7sus2",6,[-1,-1,-1,5,-1,6]],
["A#M7sus2",7,[6,-1,10,-1,-1,-1]],
["A#M7sus2",8,[-1,-1,10,-1,-1,6]],
["A#M7sus2",9,[8,-1,8,-1,-1,-1]],
["A#M7sus2",10,[-1,-1,8,-1,-1,8]],
["A#M7sus2",11,[-1,-1,-1,-1,11,8]],
["A#M7sus2",12,[-1,13,10,-1,-1,-1]],
["A#M7sus2",13,[-1,-1,10,-1,11,-1]],
["A#M7sus2",14,[-1,15,-1,-1,11,-1]],
["A#M7sus2",15,[-1,13,-1,17,-1,-1]],
["A#M7sus2",16,[-1,13,-1,-1,13,-1]],
["A#M7sus2",17,[-1,-1,-1,15,13,-1]],
["A#M7sus2",18,[-1,15,-1,15,-1,-1]],
["A#M7sus2",19,[18,-1,-1,17,-1,-1]],
["A#M7sus2",20,[-1,-1,-1,17,-1,18]],
["A#maddb9",1,[-1,1,-1,-1,2,-1]],
["A#maddb9",2,[-1,-1,-1,3,2,-1]],
["A#maddb9",3,[-1,4,-1,3,-1,-1]],
["A#maddb9",4,[6,-1,-1,6,-1,-1]],
["A#maddb9",5,[-1,-1,8,6,-1,-1]],
["A#maddb9",6,[-1,-1,-1,6,-1,6]],
["A#maddb9",7,[9,-1,8,-1,-1,-1]],
["A#maddb9",8,[-1,-1,8,-1,-1,9]],
["A#maddb9",9,[-1,-1,-1,-1,11,9]],
["A#maddb9",10,[-1,13,11,-1,-1,-1]],
["A#maddb9",11,[-1,-1,11,15,-1,-1]],
["A#maddb9",12,[-1,-1,11,-1,11,-1]],
["A#maddb9",13,[-1,13,-1,-1,14,-1]],
["A#maddb9",14,[-1,-1,-1,15,14,-1]],
["A#maddb9",15,[-1,-1,-1,-1,14,18]],
["A#maddb9",16,[-1,16,-1,15,-1,-1]],
["A#maddb9",17,[18,-1,-1,18,-1,-1]],
["A#maddb9",18,[-1,-1,-1,18,-1,18]],
["A#Maddb9",1,[-1,1,0,-1,-1,-1]],
["A#Maddb9",2,[-1,1,-1,-1,3,-1]],
["A#Maddb9",3,[-1,-1,0,3,-1,-1]],
["A#Maddb9",4,[-1,5,-1,3,-1,-1]],
["A#Maddb9",5,[-1,-1,-1,3,3,-1]],
["A#Maddb9",6,[-1,-1,-1,-1,3,6]],
["A#Maddb9",7,[-1,5,8,-1,-1,-1]],
["A#Maddb9",8,[6,-1,-1,7,-1,-1]],
["A#Maddb9",9,[-1,-1,-1,7,-1,6]],
["A#Maddb9",10,[-1,-1,8,7,-1,-1]],
["A#Maddb9",11,[-1,-1,-1,7,11,-1]],
["A#Maddb9",12,[10,-1,8,-1,-1,-1]],
["A#Maddb9",13,[-1,-1,8,-1,-1,10]],
["A#Maddb9",14,[-1,-1,-1,-1,11,10]],
["A#Maddb9",15,[-1,-1,12,-1,11,-1]],
["A#Maddb9",16,[-1,13,12,-1,-1,-1]],
["A#Maddb9",17,[-1,-1,12,15,-1,-1]],
["A#Maddb9",18,[-1,13,-1,-1,15,-1]],
["A#Maddb9",19,[-1,17,-1,15,-1,-1]],
["A#Maddb9",20,[-1,-1,-1,15,15,-1]],
["A#Maddb9",21,[-1,-1,-1,-1,15,18]],
["A#M7sus4",1,[-1,1,1,-1,-1,-1]],
["A#M7sus4",2,[-1,-1,1,3,-1,-1]],
["A#M7sus4",3,[-1,1,-1,-1,4,-1]],
["A#M7sus4",4,[-1,6,-1,3,-1,-1]],
["A#M7sus4",5,[-1,-1,-1,3,4,-1]],
["A#M7sus4",6,[-1,-1,-1,-1,4,6]],
["A#M7sus4",7,[-1,6,8,-1,-1,-1]],
["A#M7sus4",8,[6,-1,-1,8,-1,-1]],
["A#M7sus4",9,[-1,-1,-1,8,-1,6]],
["A#M7sus4",10,[11,-1,8,-1,-1,-1]],
["A#M7sus4",11,[-1,-1,8,8,-1,-1]],
["A#M7sus4",12,[-1,-1,-1,8,11,-1]],
["A#M7sus4",13,[-1,-1,8,-1,-1,11]],
["A#M7sus4",14,[11,-1,-1,15,-1,-1]],
["A#M7sus4",15,[-1,-1,13,-1,11,-1]],
["A#M7sus4",16,[-1,-1,-1,15,-1,11]],
["A#M7sus4",17,[-1,-1,-1,-1,11,11]],
["A#M7sus4",18,[-1,13,13,-1,-1,-1]],
["A#M7sus4",19,[-1,-1,13,15,-1,-1]],
["A#M7sus4",20,[-1,13,-1,-1,16,-1]],
["A#M7sus4",21,[-1,18,-1,15,-1,-1]],
["A#M7sus4",22,[-1,-1,-1,15,16,-1]],
["A#M7sus4",23,[-1,-1,-1,-1,16,18]],
["GMadd#9",1,[-1,1,-1,0,-1,-1]],
["GMadd#9",2,[3,-1,-1,3,-1,-1]],
["GMadd#9",3,[-1,-1,5,3,-1,-1]],
["GMadd#9",4,[-1,-1,-1,3,-1,3]],
["GMadd#9",5,[6,-1,5,-1,-1,-1]],
["GMadd#9",6,[-1,-1,5,-1,-1,6]],
["GMadd#9",7,[-1,-1,-1,-1,8,6]],
["GMadd#9",8,[-1,10,8,-1,-1,-1]],
["GMadd#9",9,[-1,-1,8,12,-1,-1]],
["GMadd#9",10,[-1,-1,8,-1,8,-1]],
["GMadd#9",11,[-1,10,-1,-1,11,-1]],
["GMadd#9",12,[-1,-1,-1,12,11,-1]],
["GMadd#9",13,[-1,-1,-1,-1,11,15]],
["GMadd#9",14,[-1,13,-1,12,-1,-1]],
["GMadd#9",15,[-1,13,17,-1,-1,-1]],
["GMadd#9",16,[15,-1,-1,15,-1,-1]],
["GMadd#9",17,[-1,-1,17,15,-1,-1]],
["GMadd#9",18,[-1,-1,-1,15,-1,15]],
["GMadd#9",19,[18,-1,17,-1,-1,-1]],
["GMadd#9",20,[-1,-1,17,-1,-1,18]],
["G#madd9",1,[-1,1,-1,1,-1,-1]],
["G#madd9",2,[4,-1,-1,3,-1,-1]],
["G#madd9",3,[-1,-1,6,3,-1,-1]],
["G#madd9",4,[-1,-1,-1,3,-1,4]],
["G#madd9",5,[6,-1,6,-1,-1,-1]],
["G#madd9",6,[-1,-1,6,-1,-1,6]],
["G#madd9",7,[-1,-1,-1,-1,9,6]],
["G#madd9",8,[-1,11,8,-1,-1,-1]],
["G#madd9",9,[-1,-1,8,-1,9,-1]],
["G#madd9",10,[-1,13,-1,-1,9,-1]],
["G#madd9",11,[-1,11,-1,15,-1,-1]],
["G#madd9",12,[-1,11,-1,-1,11,-1]],
["G#madd9",13,[-1,-1,-1,13,11,-1]],
["G#madd9",14,[-1,13,-1,13,-1,-1]],
["G#madd9",15,[16,-1,-1,15,-1,-1]],
["G#madd9",16,[-1,-1,18,15,-1,-1]],
["G#madd9",17,[-1,-1,-1,15,-1,16]],
["G#madd9",18,[18,-1,18,-1,-1,-1]],
["G#madd9",19,[-1,-1,18,-1,-1,18]],
["A#mM7",1,[-1,1,-1,2,-1,-1]],
["A#mM7",2,[-1,0,-1,3,-1,-1]],
["A#mM7",3,[5,-1,-1,3,-1,-1]],
["A#mM7",4,[-1,-1,-1,3,-1,5]],
["A#mM7",5,[5,-1,8,-1,-1,-1]],
["A#mM7",6,[-1,-1,8,-1,-1,5]],
["A#mM7",7,[6,-1,7,-1,-1,-1]],
["A#mM7",8,[-1,-1,7,-1,-1,6]],
["A#mM7",9,[-1,-1,-1,-1,10,6]],
["A#mM7",10,[-1,-1,7,-1,11,-1]],
["A#mM7",11,[-1,12,8,-1,-1,-1]],
["A#mM7",12,[-1,-1,8,-1,10,-1]],
["A#mM7",13,[-1,13,-1,-1,10,-1]],
["A#mM7",14,[-1,12,-1,-1,11,-1]],
["A#mM7",15,[-1,-1,-1,14,11,-1]],
["A#mM7",16,[-1,12,-1,15,-1,-1]],
["A#mM7",17,[-1,13,-1,14,-1,-1]],
["A#mM7",18,[18,-1,-1,14,-1,-1]],
["A#mM7",19,[-1,-1,-1,14,-1,18]],
["A#mM7",20,[17,-1,-1,15,-1,-1]],
["A#mM7",21,[-1,-1,-1,15,-1,17]],
["BM13",1,[-1,2,-1,-1,0,-1]],
["BM13",2,[-1,2,-1,4,-1,-1]],
["BM13",3,[-1,-1,-1,4,0,-1]],
["BM13",4,[7,-1,-1,4,-1,-1]],
["BM13",5,[-1,-1,-1,4,-1,7]],
["BM13",6,[7,-1,9,-1,-1,-1]],
["BM13",7,[-1,-1,9,-1,-1,7]],
["BM13",8,[-1,-1,9,-1,12,-1]],
["BM13",9,[-1,14,-1,-1,12,-1]],
["BM13",10,[-1,-1,-1,16,12,-1]],
["BM13",11,[-1,14,-1,16,-1,-1]],
["BM7sus2",1,[-1,2,-1,-1,2,-1]],
["BM7sus2",2,[-1,-1,-1,4,2,-1]],
["BM7sus2",3,[-1,4,-1,-1,0,-1]],
["BM7sus2",4,[-1,4,-1,4,-1,-1]],
["BM7sus2",5,[7,-1,-1,6,-1,-1]],
["BM7sus2",6,[-1,-1,9,6,-1,-1]],
["BM7sus2",7,[-1,-1,-1,6,-1,7]],
["BM7sus2",8,[7,-1,11,-1,-1,-1]],
["BM7sus2",9,[-1,-1,11,-1,-1,7]],
["BM7sus2",10,[9,-1,9,-1,-1,-1]],
["BM7sus2",11,[-1,-1,9,-1,-1,9]],
["BM7sus2",12,[-1,-1,-1,-1,12,9]],
["BM7sus2",13,[-1,14,11,-1,-1,-1]],
["BM7sus2",14,[-1,-1,11,-1,12,-1]],
["BM7sus2",15,[-1,16,-1,-1,12,-1]],
["BM7sus2",16,[-1,14,-1,18,-1,-1]],
["BM7sus2",17,[-1,14,-1,-1,14,-1]],
["BM7sus2",18,[-1,-1,-1,16,14,-1]],
["BM7sus2",19,[-1,16,-1,16,-1,-1]],
["Bmaddb9",1,[-1,-1,0,-1,0,-1]],
["Bmaddb9",2,[-1,2,0,-1,-1,-1]],
["Bmaddb9",3,[-1,2,-1,-1,3,-1]],
["Bmaddb9",4,[-1,-1,-1,4,3,-1]],
["Bmaddb9",5,[-1,-1,0,4,-1,-1]],
["Bmaddb9",6,[-1,5,-1,4,-1,-1]],
["Bmaddb9",7,[7,-1,-1,7,-1,-1]],
["Bmaddb9",8,[-1,-1,9,7,-1,-1]],
["Bmaddb9",9,[-1,-1,-1,7,-1,7]],
["Bmaddb9",10,[10,-1,9,-1,-1,-1]],
["Bmaddb9",11,[-1,-1,9,-1,-1,10]],
["Bmaddb9",12,[-1,-1,-1,-1,12,10]],
["Bmaddb9",13,[-1,14,12,-1,-1,-1]],
["Bmaddb9",14,[-1,-1,12,16,-1,-1]],
["Bmaddb9",15,[-1,-1,12,-1,12,-1]],
["Bmaddb9",16,[-1,14,-1,-1,15,-1]],
["Bmaddb9",17,[-1,-1,-1,16,15,-1]],
["Bmaddb9",18,[-1,17,-1,16,-1,-1]],
["BMaddb9",1,[-1,2,1,-1,-1,-1]],
["BMaddb9",2,[-1,-1,1,-1,0,-1]],
["BMaddb9",3,[-1,-1,1,4,-1,-1]],
["BMaddb9",4,[-1,2,-1,-1,4,-1]],
["BMaddb9",5,[-1,6,-1,4,-1,-1]],
["BMaddb9",6,[-1,-1,-1,4,4,-1]],
["BMaddb9",7,[-1,-1,-1,-1,4,7]],
["BMaddb9",8,[-1,6,9,-1,-1,-1]],
["BMaddb9",9,[7,-1,-1,8,-1,-1]],
["BMaddb9",10,[-1,-1,-1,8,-1,7]],
["BMaddb9",11,[-1,-1,9,8,-1,-1]],
["BMaddb9",12,[-1,-1,-1,8,12,-1]],
["BMaddb9",13,[11,-1,9,-1,-1,-1]],
["BMaddb9",14,[-1,-1,9,-1,-1,11]],
["BMaddb9",15,[-1,-1,-1,-1,12,11]],
["BMaddb9",16,[-1,-1,13,-1,12,-1]],
["BMaddb9",17,[-1,14,13,-1,-1,-1]],
["BMaddb9",18,[-1,-1,13,16,-1,-1]],
["BMaddb9",19,[-1,14,-1,-1,16,-1]],
["BMaddb9",20,[-1,18,-1,16,-1,-1]],
["BMaddb9",21,[-1,-1,-1,16,16,-1]],
["BM7sus4",1,[-1,-1,-1,-1,0,0]],
["BM7sus4",2,[-1,2,2,-1,-1,-1]],
["BM7sus4",3,[-1,-1,2,-1,0,-1]],
["BM7sus4",4,[-1,-1,2,4,-1,-1]],
["BM7sus4",5,[-1,2,-1,-1,5,-1]],
["BM7sus4",6,[0,-1,-1,4,-1,-1]],
["BM7sus4",7,[-1,7,-1,4,-1,-1]],
["BM7sus4",8,[-1,-1,-1,4,-1,0]],
["BM7sus4",9,[-1,-1,-1,4,5,-1]],
["BM7sus4",10,[-1,-1,-1,-1,5,7]],
["BM7sus4",11,[-1,7,9,-1,-1,-1]],
["BM7sus4",12,[7,-1,-1,9,-1,-1]],
["BM7sus4",13,[-1,-1,-1,9,-1,7]],
["BM7sus4",14,[12,-1,9,-1,-1,-1]],
["BM7sus4",15,[-1,-1,9,9,-1,-1]],
["BM7sus4",16,[-1,-1,-1,9,12,-1]],
["BM7sus4",17,[-1,-1,9,-1,-1,12]],
["BM7sus4",18,[12,-1,-1,16,-1,-1]],
["BM7sus4",19,[-1,-1,14,-1,12,-1]],
["BM7sus4",20,[-1,-1,-1,16,-1,12]],
["BM7sus4",21,[-1,-1,-1,-1,12,12]],
["BM7sus4",22,[-1,14,14,-1,-1,-1]],
["BM7sus4",23,[-1,-1,14,16,-1,-1]],
["BM7sus4",24,[-1,14,-1,-1,17,-1]],
["BM7sus4",25,[-1,-1,-1,16,17,-1]],
["G#Madd#9",1,[-1,2,-1,1,-1,-1]],
["G#Madd#9",2,[-1,-1,-1,1,0,-1]],
["G#Madd#9",3,[4,-1,-1,4,-1,-1]],
["G#Madd#9",4,[-1,-1,6,4,-1,-1]],
["G#Madd#9",5,[-1,-1,-1,-1,0,4]],
["G#Madd#9",6,[-1,-1,-1,4,-1,4]],
["G#Madd#9",7,[7,-1,6,-1,-1,-1]],
["G#Madd#9",8,[-1,-1,6,-1,-1,7]],
["G#Madd#9",9,[-1,-1,-1,-1,9,7]],
["G#Madd#9",10,[-1,11,9,-1,-1,-1]],
["G#Madd#9",11,[-1,-1,9,13,-1,-1]],
["G#Madd#9",12,[-1,-1,9,-1,9,-1]],
["G#Madd#9",13,[-1,11,-1,-1,12,-1]],
["G#Madd#9",14,[-1,-1,-1,13,12,-1]],
["G#Madd#9",15,[-1,-1,-1,-1,12,16]],
["G#Madd#9",16,[-1,14,-1,13,-1,-1]],
["G#Madd#9",17,[-1,14,18,-1,-1,-1]],
["G#Madd#9",18,[16,-1,-1,16,-1,-1]],
["G#Madd#9",19,[-1,-1,18,16,-1,-1]],
["G#Madd#9",20,[-1,-1,-1,16,-1,16]],
["Amadd9",1,[-1,0,-1,-1,0,-1]],
["Amadd9",2,[-1,2,-1,2,-1,-1]],
["Amadd9",3,[-1,-1,-1,2,0,-1]],
["Amadd9",4,[-1,0,-1,4,-1,-1]],
["Amadd9",5,[5,-1,-1,4,-1,-1]],
["Amadd9",6,[-1,-1,7,4,-1,-1]],
["Amadd9",7,[-1,-1,-1,4,-1,5]],
["Amadd9",8,[7,-1,7,-1,-1,-1]],
["Amadd9",9,[-1,-1,7,-1,-1,7]],
["Amadd9",10,[-1,-1,-1,-1,10,7]],
["Amadd9",11,[-1,12,9,-1,-1,-1]],
["Amadd9",12,[-1,-1,9,-1,10,-1]],
["Amadd9",13,[-1,14,-1,-1,10,-1]],
["Amadd9",14,[-1,12,-1,16,-1,-1]],
["Amadd9",15,[-1,12,-1,-1,12,-1]],
["Amadd9",16,[-1,-1,-1,14,12,-1]],
["Amadd9",17,[-1,14,-1,14,-1,-1]],
["Amadd9",18,[17,-1,-1,16,-1,-1]],
["Amadd9",19,[-1,-1,-1,16,-1,17]],
["BmM7",1,[-1,1,-1,-1,0,-1]],
["BmM7",2,[-1,1,-1,4,-1,-1]],
["BmM7",3,[-1,2,-1,3,-1,-1]],
["BmM7",4,[-1,-1,-1,3,0,-1]],
["BmM7",5,[6,-1,-1,4,-1,-1]],
["BmM7",6,[-1,-1,-1,4,-1,6]],
["BmM7",7,[6,-1,9,-1,-1,-1]],
["BmM7",8,[-1,-1,9,-1,-1,6]],
["BmM7",9,[7,-1,8,-1,-1,-1]],
["BmM7",10,[-1,-1,8,-1,-1,7]],
["BmM7",11,[-1,-1,-1,-1,11,7]],
["BmM7",12,[-1,-1,8,-1,12,-1]],
["BmM7",13,[-1,13,9,-1,-1,-1]],
["BmM7",14,[-1,-1,9,-1,11,-1]],
["BmM7",15,[-1,14,-1,-1,11,-1]],
["BmM7",16,[-1,13,-1,-1,12,-1]],
["BmM7",17,[-1,-1,-1,15,12,-1]],
["BmM7",18,[-1,13,-1,16,-1,-1]],
["BmM7",19,[-1,14,-1,15,-1,-1]],
["BmM7",20,[18,-1,-1,16,-1,-1]],
["BmM7",21,[-1,-1,-1,16,-1,18]],
